00000000000000000000000000000000
00000000000000000000000100000001
00000000000000000000001000000010
00000000000000000000010000000101
00000000000000000000100000001010
00000000000000000000110110010101
00000000000000000001011111101101
00000000000000000010000110001001
00000000000000000011001011111100
00000000000000000100101000100110
00000000000000000111001010011111
00000000000000001010100010111111
00000000000000001101110010111001
00000000000000001111110110001100
00000000000000001111011111000101
00000000000000001100110001000110
00000000000000001000000110101101
00000000000000000010001101010111
11111111111111111011111110100000
11111111111111110110010110110101
11111111111111110010001101000111
11111111111111110000001001110100
11111111111111110000100000111011
11111111111111110011001110111010
11111111111111110111111001010011
11111111111111111101110010101001
00000000000000000100000001100000
00000000000000001001101001001011
00000000000000001101110010111001
00000000000000001111110110001100
00000000000000001111011111000101
00000000000000001100110001000110
00000000000000001000000110101101
00000000000000000010001101010111
11111111111111111011111110100000
11111111111111110110010110110101
11111111111111110010001101000111
11111111111111110000001001110100
11111111111111110000100000111011
11111111111111110011001110111010
11111111111111110111111001010011
11111111111111111101110010101001
00000000000000000100000001100000
00000000000000001001101001001011
00000000000000001101110010111001
00000000000000001111110110001100
00000000000000001111011111000101
00000000000000001100110001000110
00000000000000001000000110101101
00000000000000000010001101010111
11111111111111111011111110100000
11111111111111110110010110110101
11111111111111110010001101000111
11111111111111110000001001110100
11111111111111110000100000111011
11111111111111110011001110111010
11111111111111110111111001010011
11111111111111111101110010101001
00000000000000000100000001100000
00000000000000001001101001001011
00000000000000001101110010111001
00000000000000001111110110001100
00000000000000001111011111000101
00000000000000001100110001000110
00000000000000001000000110101101
00000000000000000010001101010111
11111111111111111011111110100000
11111111111111110110010110110101
11111111111111110010001101000111
11111111111111110000001001110100
11111111111111110000100000111011
11111111111111110011001110111010
11111111111111110111111001010011
11111111111111111101110010101001
00000000000000000100000001100000
00000000000000001001101001001011
00000000000000001101110010111001
00000000000000001111110110001100
00000000000000001111011111000101
00000000000000001100110001000110
00000000000000001000000110101101
00000000000000000010001101010111
11111111111111111011111110100000
11111111111111110110010110110101
11111111111111110010001101000111
11111111111111110000001001110100
11111111111111110000100000111011
11111111111111110011001110111010
11111111111111110111111001010011
11111111111111111101110010101001
00000000000000000100000001100000
00000000000000001001101001001011
00000000000000001101110010111001
00000000000000001111110110001100
00000000000000001111011111000101
00000000000000001100110001000110
00000000000000001000000110101101
00000000000000000010001101010111
11111111111111111011111110100000
11111111111111110110010110110101
11111111111111110010001101000111
11111111111111110000001001110100
11111111111111110000100000111011
11111111111111110011001110111010
11111111111111110111111001010011
11111111111111111101110010101001
00000000000000000100000001100000
00000000000000001001101001001011
00000000000000001101110010111001
00000000000000001111110110001100
00000000000000001111011111000101
00000000000000001100110001000110
00000000000000001000000110101101
00000000000000000010001101010111
11111111111111111011111110100000
11111111111111110110010110110101
11111111111111110010001101000111
11111111111111110000001001110100
11111111111111110000100000111011
11111111111111110011001110111010
11111111111111110111111001010011
11111111111111111101110010101001
00000000000000000100000001100000
00000000000000001001101001001011
00000000000000001101110010111001
00000000000000001111110110001100
00000000000000001111011111000101
00000000000000001100110001000110
00000000000000001000000110101101
00000000000000000010001101010111
11111111111111111011111110100000
11111111111111110110010110110101
11111111111111110010001101000111
11111111111111110000001001110100
11111111111111110000100000111011
11111111111111110011001110111010
11111111111111110111111001010011
11111111111111111101110010101001
00000000000000000100000001100000
00000000000000001001101001001011
00000000000000001101110010111001
00000000000000001111110110001100
00000000000000001111011111000101
00000000000000001100110001000110
00000000000000001000000110101101
00000000000000000010001101010111
11111111111111111011111110100000
11111111111111110110010110110101
11111111111111110010001101000111
11111111111111110000001001110100
11111111111111110000100000111011
11111111111111110011001110111010
11111111111111110111111001010011
11111111111111111101110010101001
00000000000000000100000001100000
00000000000000001001101001001011
00000000000000001101110010111001
00000000000000001111110110001100
00000000000000001111011111000101
00000000000000001100110001000110
00000000000000001000000110101101
00000000000000000010001101010111
11111111111111111011111110100000
11111111111111110110010110110101
11111111111111110010001101000111
11111111111111110000001001110100
11111111111111110000100000111011
11111111111111110011001110111010
11111111111111110111111001010011
11111111111111111101110010101001
00000000000000000100000001100000
00000000000000001001101001001011
00000000000000001101110010111001
00000000000000001111110110001100
00000000000000001111011111000101
00000000000000001100110001000110
00000000000000001000000110101101
00000000000000000010001101010111
11111111111111111011111110100000
11111111111111110110010110110101
11111111111111110010001101000111
11111111111111110000001001110100
11111111111111110000100000111011
11111111111111110011001110111010
11111111111111110111111001010011
11111111111111111101110010101001
00000000000000000100000001100000
00000000000000001001101001001011
00000000000000001101110010111001
00000000000000001111110110001100
00000000000000001111011111000101
00000000000000001100110001000110
00000000000000001000000110101101
00000000000000000010001101010111
11111111111111111011111110100000
11111111111111110110010110110101
11111111111111110010001101000111
11111111111111110000001001110100
11111111111111110000100000111011
11111111111111110011001110111010
11111111111111110111111001010011
11111111111111111101110010101001
00000000000000000100000001100000
00000000000000001001101001001011
00000000000000001101110010111001
00000000000000001111110110001100
00000000000000001111011111000101
00000000000000001100110001000110
00000000000000001000000110101101
00000000000000000010001101010111
11111111111111111011111110100000
11111111111111110110010110110101
11111111111111110010001101000111
11111111111111110000001001110100
11111111111111110000100000111011
11111111111111110011001110111010
11111111111111110111111001010011
11111111111111111101110010101001
00000000000000000100000001100000
00000000000000001001101001001011
00000000000000001101110010111001
00000000000000001111110110001100
00000000000000001111011111000101
00000000000000001100110001000110
00000000000000001000000110101101
00000000000000000010001101010111
11111111111111111011111110100000
11111111111111110110010110110101
11111111111111110010001101000111
11111111111111110000001001110100
11111111111111110000100000111011
11111111111111110011001110111010
11111111111111110111111001010011
11111111111111111101110010101001
00000000000000000100000001100000
00000000000000001001101001001011
00000000000000001101110010111001
00000000000000001111110110001100
00000000000000001111011111000101
00000000000000001100110001000110
00000000000000001000000110101101
00000000000000000010001101010111
11111111111111111011111110100000
11111111111111110110010110110101
11111111111111110010001101000111
11111111111111110000001001110100
11111111111111110000100000111011
11111111111111110011001110111010
11111111111111110111111001010011
11111111111111111101110010101001
00000000000000000100000001100000
00000000000000001001101001001011
00000000000000001101110010111001
00000000000000001111110110001100
00000000000000001111011111000101
00000000000000001100110001000110
00000000000000001000000110101101
00000000000000000010001101010111
11111111111111111011111110100000
11111111111111110110010110110101
11111111111111110010001101000111
11111111111111110000001001110100
11111111111111110000100000111011
11111111111111110011001110111010
11111111111111110111111001010011
11111111111111111101110010101001
00000000000000000100000001100000
00000000000000001001101001001011
00000000000000001101110010111001
00000000000000001111110110001100
00000000000000001111011111000101
00000000000000001100110001000110
00000000000000001000000110101101
00000000000000000010001101010111
11111111111111111011111110100000
11111111111111110110010110110101
11111111111111110010001101000111
11111111111111110000001001110100
11111111111111110000100000111011
11111111111111110011001110111010
11111111111111110111111001010011
11111111111111111101110010101001
00000000000000000100000001100000
00000000000000001001101001001011
00000000000000001101110010111001
00000000000000001111110110001100
00000000000000001111011111000101
00000000000000001100110001000110
00000000000000001000000110101101
00000000000000000010001101010111
11111111111111111011111110100000
11111111111111110110010110110101
11111111111111110010001101000111
11111111111111110000001001110100
11111111111111110000100000111011
11111111111111110011001110111010
11111111111111110111111001010011
11111111111111111101110010101001
00000000000000000100000001100000
00000000000000001001101001001011
00000000000000001101110010111001
00000000000000001111110110001100
00000000000000001111011111000101
00000000000000001100110001000110
00000000000000001000000110101101
00000000000000000010001101010111
11111111111111111011111110100000
11111111111111110110010110110101
11111111111111110010001101000111
11111111111111110000001001110100
11111111111111110000100000111011
11111111111111110011001110111010
11111111111111110111111001010011
11111111111111111101110010101001
00000000000000000100000001100000
00000000000000001001101001001011
00000000000000001101110010111001
00000000000000001111110110001100
00000000000000001111011111000101
00000000000000001100110001000110
00000000000000001000000110101101
00000000000000000010001101010111
11111111111111111011111110100000
11111111111111110110010110110101
11111111111111110010001101000111
11111111111111110000001001110100
11111111111111110000100000111011
11111111111111110011001110111010
11111111111111110111111001010011
11111111111111111101110010101001
00000000000000000100000001100000
00000000000000001001101001001011
00000000000000001101110010111001
00000000000000001111110110001100
00000000000000001111011111000101
00000000000000001100110001000110
00000000000000001000000110101101
00000000000000000010001101010111
11111111111111111011111110100000
11111111111111110110010110110101
11111111111111110010001101000111
11111111111111110000001001110100
11111111111111110000100000111011
11111111111111110011001110111010
11111111111111110111111001010011
11111111111111111101110010101001
00000000000000000100000001100000
00000000000000001001101001001011
00000000000000001101110010111001
00000000000000001111110110001100
00000000000000001111011111000101
00000000000000001100110001000110
00000000000000001000000110101101
00000000000000000010001101010111
11111111111111111011111110100000
11111111111111110110010110110101
11111111111111110010001101000111
11111111111111110000001001110100
11111111111111110000100000111011
11111111111111110011001110111010
11111111111111110111111001010011
11111111111111111101110010101001
00000000000000000100000001100000
00000000000000001001101001001011
00000000000000001101110010111001
00000000000000001111110110001100
00000000000000001111011111000101
00000000000000001100110001000110
00000000000000001000000110101101
00000000000000000010001101010111
11111111111111111011111110100000
11111111111111110110010110110101
11111111111111110010001101000111
11111111111111110000001001110100
11111111111111110000100000111011
11111111111111110011001110111010
11111111111111110111111001010011
11111111111111111101110010101001
00000000000000000100000001100000
00000000000000001001101001001011
00000000000000001101110010111001
00000000000000001111110110001100
00000000000000001111011111000101
00000000000000001100110001000110
00000000000000001000000110101101
00000000000000000010001101010111
11111111111111111011111110100000
11111111111111110110010110110101
11111111111111110010001101000111
11111111111111110000001001110100
11111111111111110000100000111011
11111111111111110011001110111010
11111111111111110111111001010011
11111111111111111101110010101001
00000000000000000100000001100000
00000000000000001001101001001011
00000000000000001101110010111001
00000000000000001111110110001100
00000000000000001111011111000101
00000000000000001100110001000110
00000000000000001000000110101101
00000000000000000010001101010111
11111111111111111011111110100000
11111111111111110110010110110101
11111111111111110010001101000111
11111111111111110000001001110100
11111111111111110000100000111011
11111111111111110011001110111010
11111111111111110111111001010011
11111111111111111101110010101001
00000000000000000100000001100000
00000000000000001001101001001011
00000000000000001101110010111001
00000000000000001111110110001100
00000000000000001111011111000101
00000000000000001100110001000110
00000000000000001000000110101101
00000000000000000010001101010111
11111111111111111011111110100000
11111111111111110110010110110101
11111111111111110010001101000111
11111111111111110000001001110100
11111111111111110000100000111011
11111111111111110011001110111010
11111111111111110111111001010011
11111111111111111101110010101001
00000000000000000100000001100000
00000000000000001001101001001011
00000000000000001101110010111001
00000000000000001111110110001100
00000000000000001111011111000101
00000000000000001100110001000110
00000000000000001000000110101101
00000000000000000010001101010111
11111111111111111011111110100000
11111111111111110110010110110101
11111111111111110010001101000111
11111111111111110000001001110100
11111111111111110000100000111011
11111111111111110011001110111010
11111111111111110111111001010011
11111111111111111101110010101001
00000000000000000100000001100000
00000000000000001001101001001011
00000000000000001101110010111001
00000000000000001111110110001100
00000000000000001111011111000101
00000000000000001100110001000110
00000000000000001000000110101101
00000000000000000010001101010111
11111111111111111011111110100000
11111111111111110110010110110101
11111111111111110010001101000111
11111111111111110000001001110100
11111111111111110000100000111011
11111111111111110011001110111010
11111111111111110111111001010011
11111111111111111101110010101001
00000000000000000100000001100000
00000000000000001001101001001011
00000000000000001101110010111001
00000000000000001111110110001100
00000000000000001111011111000101
00000000000000001100110001000110
00000000000000001000000110101101
00000000000000000010001101010111
11111111111111111011111110100000
11111111111111110110010110110101
11111111111111110010001101000111
11111111111111110000001001110100
11111111111111110000100000111011
11111111111111110011001110111010
11111111111111110111111001010011
11111111111111111101110010101001
00000000000000000100000001100000
00000000000000001001101001001011
00000000000000001101110010111001
00000000000000001111110110001100
00000000000000001111011111000101
00000000000000001100110001000110
00000000000000001000000110101101
00000000000000000010001101010111
11111111111111111011111110100000
11111111111111110110010110110101
11111111111111110010001101000111
11111111111111110000001001110100
11111111111111110000100000111011
11111111111111110011001110111010
11111111111111110111111001010011
11111111111111111101110010101001
00000000000000000100000001100000
00000000000000001001101001001011
00000000000000001101110010111001
00000000000000001111110110001100
00000000000000001111011111000101
00000000000000001100110001000110
00000000000000001000000110101101
00000000000000000010001101010111
11111111111111111011111110100000
11111111111111110110010110110101
11111111111111110010001101000111
11111111111111110000001001110100
11111111111111110000100000111011
11111111111111110011001110111010
11111111111111110111111001010011
11111111111111111101110010101001
00000000000000000100000001100000
00000000000000001001101001001011
00000000000000001101110010111001
00000000000000001111110110001100
00000000000000001111011111000101
00000000000000001100110001000110
00000000000000001000000110101101
00000000000000000010001101010111
11111111111111111011111110100000
11111111111111110110010110110101
11111111111111110010001101000111
11111111111111110000001001110100
11111111111111110000100000111011
11111111111111110011001110111010
11111111111111110111111001010011
11111111111111111101110010101001
00000000000000000100000001100000
00000000000000001001101001001011
00000000000000001101110010111001
00000000000000001111110110001100
00000000000000001111011111000101
00000000000000001100110001000110
00000000000000001000000110101101
00000000000000000010001101010111
11111111111111111011111110100000
11111111111111110110010110110101
11111111111111110010001101000111
11111111111111110000001001110100
11111111111111110000100000111011
11111111111111110011001110111010
11111111111111110111111001010011
11111111111111111101110010101001
00000000000000000100000001100000
00000000000000001001101001001011
00000000000000001101110010111001
00000000000000001111110110001100
00000000000000001111011111000101
00000000000000001100110001000110
00000000000000001000000110101101
00000000000000000010001101010111
11111111111111111011111110100000
11111111111111110110010110110101
11111111111111110010001101000111
11111111111111110000001001110100
11111111111111110000100000111011
11111111111111110011001110111010
11111111111111110111111001010011
11111111111111111101110010101001
00000000000000000100000001100000
00000000000000001001101001001011
00000000000000001101110010111001
00000000000000001111110110001100
00000000000000001111011111000101
00000000000000001100110001000110
00000000000000001000000110101101
00000000000000000010001101010111
11111111111111111011111110100000
11111111111111110110010110110101
11111111111111110010001101000111
11111111111111110000001001110100
11111111111111110000100000111011
11111111111111110011001110111010
11111111111111110111111001010011
11111111111111111101110010101001
00000000000000000100000001100000
00000000000000001001101001001011
00000000000000001101110010111001
00000000000000001111110110001100
00000000000000001111011111000101
00000000000000001100110001000110
00000000000000001000000110101101
00000000000000000010001101010111
11111111111111111011111110100000
11111111111111110110010110110101
11111111111111110010001101000111
11111111111111110000001001110100
11111111111111110000100000111011
11111111111111110011001110111010
11111111111111110111111001010011
11111111111111111101110010101001
00000000000000000100000001100000
00000000000000001001101001001011
00000000000000001101110010111001
00000000000000001111110110001100
00000000000000001111011111000101
00000000000000001100110001000110
00000000000000001000000110101101
00000000000000000010001101010111
11111111111111111011111110100000
11111111111111110110010110110101
11111111111111110010001101000111
11111111111111110000001001110100
11111111111111110000100000111011
11111111111111110011001110111010
11111111111111110111111001010011
11111111111111111101110010101001
00000000000000000100000001100000
00000000000000001001101001001011
00000000000000001101110010111001
00000000000000001111110110001100
00000000000000001111011111000101
00000000000000001100110001000110
00000000000000001000000110101101
00000000000000000010001101010111
11111111111111111011111110100000
11111111111111110110010110110101
11111111111111110010001101000111
11111111111111110000001001110100
11111111111111110000100000111011
11111111111111110011001110111010
11111111111111110111111001010011
11111111111111111101110010101001
00000000000000000100000001100000
00000000000000001001101001001011
00000000000000001101110010111001
00000000000000001111110110001100
00000000000000001111011111000101
00000000000000001100110001000110
00000000000000001000000110101101
00000000000000000010001101010111
11111111111111111011111110100000
11111111111111110110010110110101
11111111111111110010001101000111
11111111111111110000001001110100
11111111111111110000100000111011
11111111111111110011001110111010
11111111111111110111111001010011
11111111111111111101110010101001
00000000000000000100000001100000
00000000000000001001101001001011
00000000000000001101110010111001
00000000000000001111110110001100
00000000000000001111011111000101
00000000000000001100110001000110
00000000000000001000000110101101
00000000000000000010001101010111
11111111111111111011111110100000
11111111111111110110010110110101
11111111111111110010001101000111
11111111111111110000001001110100
11111111111111110000100000111011
11111111111111110011001110111010
11111111111111110111111001010011
11111111111111111101110010101001
00000000000000000100000001100000
00000000000000001001101001001011
00000000000000001101110010111001
00000000000000001111110110001100
00000000000000001111011111000101
00000000000000001100110001000110
00000000000000001000000110101101
00000000000000000010001101010111
11111111111111111011111110100000
11111111111111110110010110110101
11111111111111110010001101000111
11111111111111110000001001110100
11111111111111110000100000111011
11111111111111110011001110111010
11111111111111110111111001010011
11111111111111111101110010101001
00000000000000000100000001100000
00000000000000001001101001001011
00000000000000001101110010111001
00000000000000001111110110001100
00000000000000001111011111000101
00000000000000001100110001000110
00000000000000001000000110101101
00000000000000000010001101010111
11111111111111111011111110100000
11111111111111110110010110110101
11111111111111110010001101000111
11111111111111110000001001110100
11111111111111110000100000111011
11111111111111110011001110111010
11111111111111110111111001010011
11111111111111111101110010101001
00000000000000000100000001100000
00000000000000001001101001001011
00000000000000001101110010111001
00000000000000001111110110001100
00000000000000001111011111000101
00000000000000001100110001000110
00000000000000001000000110101101
00000000000000000010001101010111
11111111111111111011111110100000
11111111111111110110010110110101
11111111111111110010001101000111
11111111111111110000001001110100
11111111111111110000100000111011
11111111111111110011001110111010
11111111111111110111111001010011
11111111111111111101110010101001
00000000000000000100000001100000
00000000000000001001101001001011
00000000000000001101110010111001
00000000000000001111110110001100
00000000000000001111011111000101
00000000000000001100110001000110
00000000000000001000000110101101
00000000000000000010001101010111
11111111111111111011111110100000
11111111111111110110010110110101
11111111111111110010001101000111
11111111111111110000001001110100
11111111111111110000100000111011
11111111111111110011001110111010
11111111111111110111111001010011
11111111111111111101110010101001
00000000000000000100000001100000
00000000000000001001101001001011
00000000000000001101110010111001
00000000000000001111110110001100
00000000000000001111011111000101
00000000000000001100110001000110
00000000000000001000000110101101
00000000000000000010001101010111
11111111111111111011111110100000
11111111111111110110010110110101
11111111111111110010001101000111
11111111111111110000001001110100
11111111111111110000100000111011
11111111111111110011001110111010
11111111111111110111111001010011
11111111111111111101110010101001
00000000000000000100000001100000
00000000000000001001101001001011
00000000000000001101110010111001
00000000000000001111110110001100
00000000000000001111011111000101
00000000000000001100110001000110
00000000000000001000000110101101
00000000000000000010001101010111
11111111111111111011111110100000
11111111111111110110010110110101
11111111111111110010001101000111
11111111111111110000001001110100
11111111111111110000100000111011
11111111111111110011001110111010
11111111111111110111111001010011
11111111111111111101110010101001
00000000000000000100000001100000
00000000000000001001101001001011
00000000000000001101110010111001
00000000000000001111110110001100
00000000000000001111011111000101
00000000000000001100110001000110
00000000000000001000000110101101
00000000000000000010001101010111
11111111111111111011111110100000
11111111111111110110010110110101
11111111111111110010001101000111
11111111111111110000001001110100
11111111111111110000100000111011
11111111111111110011001110111010
11111111111111110111111001010011
11111111111111111101110010101001
00000000000000000100000001100000
00000000000000001001101001001011
00000000000000001101110010111001
00000000000000001111110110001100
00000000000000001111011111000101
00000000000000001100110001000110
00000000000000001000000110101101
00000000000000000010001101010111
11111111111111111011111110100000
11111111111111110110010110110101
11111111111111110010001101000111
11111111111111110000001001110100
11111111111111110000100000111011
11111111111111110011001110111010
11111111111111110111111001010011
11111111111111111101110010101001
00000000000000000100000001100000
00000000000000001001101001001011
00000000000000001101110010111001
00000000000000001111110110001100
00000000000000001111011111000101
00000000000000001100110001000110
00000000000000001000000110101101
00000000000000000010001101010111
11111111111111111011111110100000
11111111111111110110010110110101
11111111111111110010001101000111
11111111111111110000001001110100
11111111111111110000100000111011
11111111111111110011001110111010
11111111111111110111111001010011
11111111111111111101110010101001
00000000000000000100000001100000
00000000000000001001101001001011
00000000000000001101110010111001
00000000000000001111110110001100
00000000000000001111011111000101
00000000000000001100110001000110
00000000000000001000000110101101
00000000000000000010001101010111
11111111111111111011111110100000
11111111111111110110010110110101
11111111111111110010001101000111
11111111111111110000001001110100
11111111111111110000100000111011
11111111111111110011001110111010
11111111111111110111111001010011
11111111111111111101110010101001
00000000000000000100000001100000
00000000000000001001101001001011
00000000000000001101110010111001
00000000000000001111110110001100
00000000000000001111011111000101
00000000000000001100110001000110
00000000000000001000000110101101
00000000000000000010001101010111
11111111111111111011111110100000
11111111111111110110010110110101
11111111111111110010001101000111
11111111111111110000001001110100
11111111111111110000100000111011
11111111111111110011001110111010
11111111111111110111111001010011
11111111111111111101110010101001
00000000000000000100000001100000
00000000000000001001101001001011
00000000000000001101110010111001
00000000000000001111110110001100
00000000000000001111011111000101
00000000000000001100110001000110
00000000000000001000000110101101
00000000000000000010001101010111
11111111111111111011111110100000
11111111111111110110010110110101
11111111111111110010001101000111
11111111111111110000001001110100
11111111111111110000100000111011
11111111111111110011001110111010
11111111111111110111111001010011
11111111111111111101110010101001
00000000000000000100000001100000
00000000000000001001101001001011
00000000000000001101110010111001
00000000000000001111110110001100
00000000000000001111011111000101
00000000000000001100110001000110
00000000000000001000000110101101
00000000000000000010001101010111
11111111111111111011111110100000
11111111111111110110010110110101
11111111111111110010001101000111
11111111111111110000001001110100
11111111111111110000100000111011
11111111111111110011001110111010
11111111111111110111111001010011
11111111111111111101110010101001
00000000000000000100000001100000
00000000000000001001101001001011
00000000000000001101110010111001
00000000000000001111110110001100
00000000000000001111011111000101
00000000000000001100110001000110
00000000000000001000000110101101
00000000000000000010001101010111
11111111111111111011111110100000
11111111111111110110010110110101
11111111111111110010001101000111
11111111111111110000001001110100
11111111111111110000100000111011
11111111111111110011001110111010
11111111111111110111111001010011
11111111111111111101110010101001
00000000000000000100000001100000
00000000000000001001101001001011
00000000000000001101110010111001
00000000000000001111110110001100
00000000000000001111011111000101
00000000000000001100110001000110
00000000000000001000000110101101
00000000000000000010001101010111
11111111111111111011111110100000
11111111111111110110010110110101
11111111111111110010001101000111
11111111111111110000001001110100
11111111111111110000100000111011
11111111111111110011001110111010
11111111111111110111111001010011
11111111111111111101110010101001
00000000000000000100000001100000
00000000000000001001101001001011
00000000000000001101110010111001
00000000000000001111110110001100
00000000000000001111011111000101
00000000000000001100110001000110
00000000000000001000000110101101
00000000000000000010001101010111
11111111111111111011111110100000
11111111111111110110010110110101
11111111111111110010001101000111
11111111111111110000001001110100
11111111111111110000100000111011
11111111111111110011001110111010
11111111111111110111111001010011
11111111111111111101110010101001
00000000000000000100000001100000
00000000000000001001101001001011
00000000000000001101110010111001
00000000000000001111110110001100
00000000000000001111011111000101
00000000000000001100110001000110
00000000000000001000000110101101
00000000000000000010001101010111
11111111111111111011111110100000
11111111111111110110010110110101
11111111111111110010001101000111
11111111111111110000001001110100
11111111111111110000100000111011
11111111111111110011001110111010
11111111111111110111111001010011
11111111111111111101110010101001
00000000000000000100000001100000
00000000000000001001101001001011
00000000000000001101110010111001
00000000000000001111110110001100
00000000000000001111011111000101
00000000000000001100110001000110
00000000000000001000000110101101
00000000000000000010001101010111
11111111111111111011111110100000
11111111111111110110010110110101
11111111111111110010001101000111
11111111111111110000001001110100
11111111111111110000100000111011
11111111111111110011001110111010
11111111111111110111111001010011
11111111111111111101110010101001
00000000000000000100000001100000
00000000000000001001101001001011
00000000000000001101110010111001
00000000000000001111110110001100
00000000000000001111011111000101
00000000000000001100110001000110
00000000000000001000000110101101
00000000000000000010001101010111
11111111111111111011111110100000
11111111111111110110010110110101
11111111111111110010001101000111
11111111111111110000001001110100
11111111111111110000100000111011
11111111111111110011001110111010
11111111111111110111111001010011
11111111111111111101110010101001
00000000000000000100000001100000
00000000000000001001101001001011
00000000000000001101110010111001
00000000000000001111110110001100
00000000000000001111011111000101
00000000000000001100110001000110
00000000000000001000000110101101
00000000000000000010001101010111
11111111111111111011111110100000
11111111111111110110010110110101
11111111111111110010001101000111
11111111111111110000001001110100
11111111111111110000100000111011
11111111111111110011001110111010
11111111111111110111111001010011
11111111111111111101110010101001
00000000000000000100000001100000
00000000000000001001101001001011
00000000000000001101110010111001
00000000000000001111110110001100
00000000000000001111011111000101
00000000000000001100110001000110
00000000000000001000000110101101
00000000000000000010001101010111
11111111111111111011111110100000
11111111111111110110010110110101
11111111111111110010001101000111
11111111111111110000001001110100
11111111111111110000100000111011
11111111111111110011001110111010
11111111111111110111111001010011
11111111111111111101110010101001
00000000000000000100000001100000
00000000000000001001101001001011
00000000000000001101110010111001
00000000000000001111110110001100
00000000000000001111011111000101
00000000000000001100110001000110
00000000000000001000000110101101
00000000000000000010001101010111
11111111111111111011111110100000
11111111111111110110010110110101
11111111111111110010001101000111
11111111111111110000001001110100
11111111111111110000100000111011
11111111111111110011001110111010