INICIO:
xxxxxxxxxxxxxxxxxxxxxxxxxxxxxxxx
00000000000000000000000000000000
00000000000000000011110101011101
00000000000000000110101110110101
00000000000000000111111110101101
00000000000000000111010001100011
00000000000000000100110010011010
00000000000000000001001000010000
10000000000000001101001100011010
10000000000000001001111100100001
10000000000000001000001011100000
10000000000000001000010101000010
10000000000000001010010110110001
10000000000000001101110000111100
00000000000000000001101110001001
00000000000000000101010000011000
00000000000000000111100000010000
00000000000000000111111010100011
00000000000000000110011000110100
00000000000000000011010011000000
10000000000000001111011001100001
10000000000000001011101001011110
10000000000000001000111101100110
10000000000000001000000000000000
10000000000000001000111111110001
10000000000000001011101101010010
10000000000000001111011110000011
00000000000000000011010111001000
00000000000000000110011011100010
00000000000000000111111011001100
00000000000000000111011110101010
00000000000000000101001100111100
00000000000000000001101001101101
10000000000000001101101100100110
10000000000000001010010011100100
10000000000000001000010011110001
10000000000000001000001100011111
10000000000000001001111111100000
10000000000000001101010000101010
00000000000000000001001100101111
00000000000000000100110110000010
00000000000000000111010011011011
00000000000000000111111110011000
00000000000000000110101100010111
00000000000000000011110001011110
10000000000000001111111011011110
10000000000000001100000110100100
10000000000000001001001110101111
10000000000000001000000000111111
10000000000000001000110000010110
10000000000000001011010001001110
10000000000000001110111100001111
00000000000000000010110111110101
00000000000000000110000110011011
00000000000000000111110101011011
00000000000000000111101001101010
00000000000000000101100110000000
00000000000000000010001010101101
10000000000000001110001101011100
10000000000000001010101100001110
10000000000000001000011110001100
10000000000000001000000110001000
10000000000000001001101001111011
10000000000000001100110001001000
00000000000000000000101010111111
00000000000000000100011010010101
00000000000000000111000100100010
00000000000000000111111111111101
00000000000000000110111110000001
00000000000000000100001110111000
00000000000000000000011101011011
10000000000000001100100100110001
10000000000000001001100001110010
10000000000000001000000100001101
10000000000000001000100010111110
10000000000000001010110110100001
10000000000000001110011010101111
00000000000000000010010111101111
00000000000000000101101111100110
00000000000000000111101101011101
00000000000000000111110010100000
00000000000000000101111101011111
00000000000000000010101011000101
10000000000000001110101110110010
10000000000000001011000110011000
10000000000000001000101010101111
10000000000000001000000010000000
10000000000000001001010110001000
10000000000000001100010010100010
00000000000000000000001001000100
00000000000000000011111101011000
00000000000000000110110011101010
00000000000000000111111111010001
00000000000000000111001101101101
00000000000000000100101011000110
00000000000000000000111111010001
10000000000000001101000011111100
10000000000000001001110110101010
10000000000000001000001001101011
10000000000000001000010111101011
10000000000000001010011101010000
10000000000000001101111001101011
00000000000000000001110110111110
00000000000000000101010111001010
00000000000000000111100011010100
00000000000000000111111001001001
00000000000000000110010011010011
00000000000000000011001010101101
10000000000000001111010000011111
10000000000000001011100001111010
10000000000000001000111001010111
10000000000000001000000000001000
10000000000000001001000100001110
10000000000000001011110100111110
10000000000000001111100111000110
00000000000000000011011111010100
00000000000000000110100000110111
00000000000000000111111100010110
00000000000000000111011011010111
00000000000000000101000110000000
00000000000000000001100000110100
10000000000000001101100011111100
10000000000000001010001101010000
10000000000000001000010001010110
10000000000000001000001110100011
10000000000000001010000101100011
10000000000000001101011001001100
00000000000000000001010101101011
00000000000000000100111101001100
00000000000000000111010111000011
00000000000000000111111101100100
00000000000000000110100111010101
00000000000000000011101001011100
10000000000000001111110010011010
10000000000000001011111110101100
10000000000000001001001001111110
10000000000000001000000000100000
10000000000000001000110100010001
10000000000000001011011000100101
10000000000000001111000101001111
00000000000000000011000000010001
00000000000000000110001100001110
00000000000000000111110111001011
00000000000000000111100110111100
00000000000000000101011111011110
00000000000000000010000001111101
10000000000000001110000100101000
10000000000000001010100101100000
10000000000000001000011011001101
10000000000000001000000111100111
10000000000000001001101111100000
10000000000000001100111001011101
00000000000000000000110100000001
00000000000000000100100001110110
00000000000000000111001000101101
00000000000000000111111111110000
00000000000000000110111001100000
00000000000000000100000111001010
00000000000000000000010100011000
10000000000000001100011100100111
10000000000000001001011100100001
10000000000000001000000011001000
10000000000000001000100110010101
10000000000000001010111101100000
10000000000000001110100011101000
00000000000000000010100000010111
00000000000000000101110101110110
00000000000000000111101111110011
00000000000000000111110000010111
00000000000000000101110111011001
00000000000000000010100010100001
10000000000000001110100101110110
10000000000000001010111111010000
10000000000000001000100111001100
10000000000000001000000010111001
10000000000000001001011011001111
10000000000000001100011010100110
00000000000000000000010010000111
00000000000000000100000101001101
00000000000000000110111000010110
00000000000000000111111111101011
00000000000000000111001001101110
00000000000000000100100011101101
00000000000000000000110110010000
10000000000000001100111011100011
10000000000000001001110000111010
10000000000000001000001000000000
10000000000000001000011010011111
10000000000000001010100011110101
10000000000000001110000010011100
00000000000000000001111111110001
00000000000000000101011101110101
00000000000000000111100110001111
00000000000000000111110111100110
00000000000000000110001101101010
00000000000000000011000010010110
10000000000000001111000111011110
10000000000000001011011010011011
10000000000000001000110101010001
10000000000000001000000000011010
10000000000000001001001000110100
10000000000000001011111100101111
10000000000000001111110000001010
00000000000000000011100111011011
00000000000000000110100110000011
00000000000000000111111101010110
00000000000000000111010111111011
00000000000000000100111110111110
00000000000000000001010111111010
10000000000000001101011011010101
10000000000000001010000111000100
10000000000000001000001111000101
10000000000000001000010000110001
10000000000000001010001011101101
10000000000000001101100001110010
00000000000000000001011110100110
00000000000000000101000100010000
00000000000000000111011010100001
00000000000000000111111100100111
00000000000000000110100010001011
00000000000000000011100001010110
10000000000000001111101001010110
10000000000000001011110110111001
10000000000000001001000101010110
10000000000000001000000000001100
10000000000000001000111000010101
10000000000000001011100000000010
10000000000000001111001110010000
00000000000000000011001000101000
00000000000000000110010001111010
00000000000000000111111000110001
00000000000000000111100100000100
00000000000000000101011000110101
00000000000000000001111001001010
10000000000000001101111011110110
10000000000000001010011110111000
10000000000000001000011000010111
10000000000000001000001001001111
10000000000000001001110101001110
10000000000000001101000001110110
00000000000000000000111101000001
00000000000000000100101001010001
00000000000000000111001100101111
00000000000000000111111111011001
00000000000000000110110100110110
00000000000000000011111111010101
00000000000000000000001011010100
10000000000000001100010100100010
10000000000000001001010111011001
10000000000000001000000010001101
10000000000000001000101001110110
10000000000000001011000100100110
10000000000000001110101100100100
00000000000000000010101000111101
00000000000000000101111011111111
00000000000000000111110001111111
00000000000000000111101110000011
00000000000000000101110001001010
00000000000000000010011001111001
10000000000000001110011100111100
10000000000000001010111000001111
10000000000000001000100011110010
10000000000000001000000011111011
10000000000000001001100000011101
10000000000000001100100010101111
00000000000000000000011011001011
00000000000000000100001100111110
00000000000000000110111100111010
00000000000000000111111111111010
00000000000000000111000101100101
00000000000000000100011100001101
00000000000000000000101101001111
10000000000000001100110011001101
10000000000000001001101011010011
10000000000000001000000110011111
10000000000000001000011101011100
10000000000000001010101010100010
10000000000000001110001011001111
00000000000000000010001000100001
00000000000000000101100100011001
00000000000000000111101000111111
00000000000000000111110101111000
00000000000000000110000111111000
00000000000000000010111001111100
10000000000000001110111110011110
10000000000000001011010011000011
10000000000000001000110001010100
10000000000000001000000000110110
10000000000000001001001101100010
10000000000000001100000100100110
10000000000000001111111001001101
00000000000000000011101111011111
00000000000000000110101011001000
00000000000000000111111110001100
00000000000000000111010100010110
00000000000000000100110111110101
00000000000000000001001110111110
10000000000000001101010010110001
10000000000000001010000000111111
10000000000000001000001100111111
10000000000000001000010011001001
10000000000000001010010001111111
10000000000000001101101010011100
00000000000000000001100111100000
00000000000000000101001011001110
00000000000000000111011101110111
00000000000000000111111011011111
00000000000000000110011100111000
00000000000000000011011001001011
10000000000000001111100000010011
10000000000000001011101111001100
10000000000000001001000000110111
10000000000000001000000000000001
10000000000000001000111100100010
10000000000000001011100111100100
10000000000000001111010111010001
00000000000000000011010000111100
00000000000000000110010111011101
00000000000000000111111010001101
00000000000000000111100001000010
00000000000000000101010010000100
00000000000000000001110000010110
10000000000000001101110011000111
10000000000000001010011000011000
10000000000000001000010101101011
10000000000000001000001011000010
10000000000000001001111011000011
10000000000000001101001010010010
00000000000000000001000110000001
00000000000000000100110000100110
00000000000000000111010000100111
00000000000000000111111110110111
00000000000000000110110000000011
00000000000000000011110111011100
00000000000000000000000010010000
10000000000000001100001100100001
10000000000000001001010010011001
10000000000000001000000001011101
10000000000000001000101101100000
10000000000000001011001011110010
10000000000000001110110101100001
00000000000000000010110001011111
00000000000000000110000010000000
00000000000000000111110100000000
00000000000000000111101011100110
00000000000000000101101010110101
00000000000000000010010001001110
10000000000000001110010100000100
10000000000000001010110001010101
10000000000000001000100000100010
10000000000000001000000101001000
10000000000000001001100101110100
10000000000000001100101010111100
00000000000000000000100100001110
00000000000000000100010100101001
00000000000000000111000001010100
00000000000000000111111111111111
00000000000000000111000001010100
00000000000000000100010100101000
00000000000000000000100100001101
10000000000000001100101010111011
10000000000000001001100101110100
10000000000000001000000101001000
10000000000000001000100000100010
10000000000000001010110001010110
10000000000000001110010100000101
00000000000000000010010001001111
00000000000000000101101010110110
00000000000000000111101011100110
00000000000000000111110100000000
00000000000000000110000001111111
00000000000000000010110001011110
10000000000000001110110101100000
10000000000000001011001011110001
10000000000000001000101101100000
10000000000000001000000001011101
10000000000000001001010010011010
10000000000000001100001100100010
00000000000000000000000010010001
00000000000000000011110111011101
00000000000000000110110000000011
00000000000000000111111110110111
00000000000000000111010000100111
00000000000000000100110000100101
00000000000000000001000110000000
10000000000000001101001010010001
10000000000000001001111011000010
10000000000000001000001011000010
10000000000000001000010101101100
10000000000000001010011000011000
10000000000000001101110011001000
00000000000000000001110000010111
00000000000000000101010010000101
00000000000000000111100001000010
00000000000000000111111010001101
00000000000000000110010111011100
00000000000000000011010000111011
10000000000000001111010111010000
10000000000000001011100111100100
10000000000000001000111100100001
10000000000000001000000000000001
10000000000000001001000000111000
10000000000000001011101111001101
10000000000000001111100000010100
00000000000000000011011001001011
00000000000000000110011100111000
00000000000000000111111011011111
00000000000000000111011101110110
00000000000000000101001011001101
00000000000000000001100111011111
10000000000000001101101010011011
10000000000000001010010001111110
10000000000000001000010011001001
10000000000000001000001100111111
10000000000000001010000001000000
10000000000000001101010010110010
00000000000000000001001110111110
00000000000000000100110111110101
00000000000000000111010100010110
00000000000000000111111110001100
00000000000000000110101011000111
00000000000000000011101111011110
10000000000000001111111001001100
10000000000000001100000100100101
10000000000000001001001101100010
10000000000000001000000000110110
10000000000000001000110001010100
10000000000000001011010011000100
10000000000000001110111110011111
00000000000000000010111001111101
00000000000000000110000111111001
00000000000000000111110101111000
00000000000000000111101000111111
00000000000000000101100100011000
00000000000000000010001000100000
10000000000000001110001011001110
10000000000000001010101010100001
10000000000000001000011101011011
10000000000000001000000110011111
10000000000000001001101011010100
10000000000000001100110011001110
00000000000000000000101101010000
00000000000000000100011100001110
00000000000000000111000101100110
00000000000000000111111111111010
00000000000000000110111100111001
00000000000000000100001100111101
00000000000000000000011011001010
10000000000000001100100010101110
10000000000000001001100000011101
10000000000000001000000011111011
10000000000000001000100011110011
10000000000000001010111000010000
10000000000000001110011100111101
00000000000000000010011001111010
00000000000000000101110001001011
00000000000000000111101110000100
00000000000000000111110001111110
00000000000000000101111011111110
00000000000000000010101000111100
10000000000000001110101100100011
10000000000000001011000100100101
10000000000000001000101001110110
10000000000000001000000010001101
10000000000000001001010111011001
10000000000000001100010100100011
00000000000000000000001011010101
00000000000000000011111111010110
00000000000000000110110100110110
00000000000000000111111111011001
00000000000000000111001100101110
00000000000000000100101001010000
00000000000000000000111101000000
10000000000000001101000001110101
10000000000000001001110101001101
10000000000000001000001001001111
10000000000000001000011000010111
10000000000000001010011110111001
10000000000000001101111011110111
00000000000000000001111001001011
00000000000000000101011000110101
00000000000000000111100100000100
00000000000000000111111000110001
00000000000000000110010001111001
00000000000000000011001000100111
10000000000000001111001110001111
10000000000000001011100000000001
10000000000000001000111000010100
10000000000000001000000000001100
10000000000000001001000101010111
10000000000000001011110110111010
10000000000000001111101001010111
00000000000000000011100001010111
00000000000000000110100010001011
00000000000000000111111100100111
00000000000000000111011010100001
00000000000000000101000100010000
00000000000000000001011110100101
10000000000000001101100001110001
10000000000000001010001011101100
10000000000000001000010000110001
10000000000000001000001111000110
10000000000000001010000111000101
10000000000000001101011011010110
00000000000000000001010111111011
00000000000000000100111110111110
00000000000000000111010111111100
00000000000000000111111101010110
00000000000000000110100110000011
00000000000000000011100111011011
10000000000000001111110000001001
10000000000000001011111100101111
10000000000000001001001000110011
10000000000000001000000000011010
10000000000000001000110101010001
10000000000000001011011010011100
10000000000000001111000111011111
00000000000000000011000010010111
00000000000000000110001101101010
00000000000000000111110111100110
00000000000000000111100110001110
00000000000000000101011101110100
00000000000000000001111111110000
10000000000000001110000010011011
10000000000000001010100011110101
10000000000000001000011010011110
10000000000000001000001000000000
10000000000000001001110000111011
10000000000000001100111011100011
00000000000000000000110110010001
00000000000000000100100011101101
00000000000000000111001001101110
00000000000000000111111111101011
00000000000000000110111000010110
00000000000000000100000101001101
00000000000000000000010010000110
10000000000000001100011010100101
10000000000000001001011011001110
10000000000000001000000010111001
10000000000000001000100111001100
10000000000000001010111111010001
10000000000000001110100101110111
00000000000000000010100010100001
00000000000000000101110111011001
00000000000000000111110000010111
00000000000000000111101111110011
00000000000000000101110101110101
00000000000000000010100000010110
10000000000000001110100011100111
10000000000000001010111101011111
10000000000000001000100110010101
10000000000000001000000011001000
10000000000000001001011100100010
10000000000000001100011100101000
00000000000000000000010100011001
00000000000000000100000111001010
00000000000000000110111001100000
00000000000000000111111111110000
00000000000000000111001000101100
00000000000000000100100001110101
00000000000000000000110100000000
10000000000000001100111001011100
10000000000000001001101111100000
10000000000000001000000111100111
10000000000000001000011011001101
10000000000000001010100101100000
10000000000000001110000100101001
00000000000000000010000001111110
00000000000000000101011111011111
00000000000000000111100110111100
00000000000000000111110111001011
00000000000000000110001100001110
00000000000000000011000000010000
10000000000000001111000101001110
10000000000000001011011000100100
10000000000000001000110100010000
10000000000000001000000000100000
10000000000000001001001001111111
10000000000000001011111110101101
10000000000000001111110010011011
00000000000000000011101001011101
00000000000000000110100111010110
00000000000000000111111101100100
00000000000000000111010111000011
00000000000000000100111101001100
00000000000000000001010101101010
10000000000000001101011001001011
10000000000000001010000101100010
10000000000000001000001110100011
10000000000000001000010001010111
10000000000000001010001101010001
10000000000000001101100011111101
00000000000000000001100000110101
00000000000000000101000110000001
00000000000000000111011011011000
00000000000000000111111100010110
00000000000000000110100000110110
00000000000000000011011111010011
10000000000000001111100111000101
10000000000000001011110100111101
10000000000000001001000100001110
10000000000000001000000000001000
10000000000000001000111001010111
10000000000000001011100001111010
10000000000000001111010000100000
00000000000000000011001010101110
00000000000000000110010011010100
00000000000000000111111001001001
00000000000000000111100011010100
00000000000000000101010111001001
00000000000000000001110110111101
10000000000000001101111001101010
10000000000000001010011101001111
10000000000000001000010111101011
10000000000000001000001001101011
10000000000000001001110110101010
10000000000000001101000011111101
00000000000000000000111111010010
00000000000000000100101011000111
00000000000000000111001101101110
00000000000000000111111111010001
00000000000000000110110011101001
00000000000000000011111101010111
00000000000000000000001001000011
10000000000000001100010010100001
10000000000000001001010110001000
10000000000000001000000010000000
10000000000000001000101010110000
10000000000000001011000110011000
10000000000000001110101110110011
00000000000000000010101011000110
00000000000000000101111101100000
00000000000000000111110010100000
00000000000000000111101101011101
00000000000000000101101111100101
00000000000000000010010111101110
10000000000000001110011010101110
10000000000000001010110110100000
10000000000000001000100010111101
10000000000000001000000100001110
10000000000000001001100001110011
10000000000000001100100100110010
00000000000000000000011101011100
00000000000000000100001110111001
00000000000000000110111110000010
00000000000000000111111111111101
00000000000000000111000100100010
00000000000000000100011010010100
00000000000000000000101010111110
10000000000000001100110001001000
10000000000000001001101001111010
10000000000000001000000110001000
10000000000000001000011110001101
10000000000000001010101100001111
10000000000000001110001101011101
00000000000000000010001010101101
00000000000000000101100110000001
00000000000000000111101001101010
00000000000000000111110101011011
00000000000000000110000110011010
00000000000000000010110111110100
10000000000000001110111100001110
10000000000000001011010001001110
10000000000000001000110000010110
10000000000000001000000000111111
10000000000000001001001110110000
10000000000000001100000110100101
10000000000000001111111011011111
00000000000000000011110001011111
00000000000000000110101100011000
00000000000000000111111110011000
00000000000000000111010011011010
00000000000000000100110110000001
00000000000000000001001100101110
10000000000000001101010000101001
10000000000000001001111111011111
10000000000000001000001100011110
10000000000000001000010011110001
10000000000000001010010011100101
10000000000000001101101100100111
00000000000000000001101001101110
00000000000000000101001100111101
00000000000000000111011110101010
00000000000000000111111011001100
00000000000000000110011011100001
00000000000000000011010111000111
10000000000000001111011110000010
10000000000000001011101101010001
10000000000000001000111111110001
10000000000000001000000000000000
10000000000000001000111101100111
10000000000000001011101001011110
10000000000000001111011001100010
00000000000000000011010011000001
00000000000000000110011000110101
00000000000000000111111010100011
00000000000000000111100000010000
00000000000000000101010000010111
00000000000000000001101110001000
10000000000000001101110000111011
10000000000000001010010110110000
10000000000000001000010101000010
10000000000000001000001011100001
10000000000000001001111100100010
10000000000000001101001100011010
00000000000000000001001000010001
00000000000000000100110010011011
00000000000000000111010001100100
00000000000000000111111110101101
00000000000000000110101110110100
00000000000000000011110101011100
10000000000000001111111111111111
10000000000000001100001010100001
10000000000000001001010001001010
10000000000000001000000001010010
10000000000000001000101110011101
10000000000000001011001101100110
10000000000000001110110111110001
00000000000000000010110011100111
00000000000000000110000011011111
00000000000000000111110100011111
00000000000000000111101010111101
00000000000000000101101001001110
00000000000000000010001111000010
10000000000000001110010001110110
10000000000000001010101111100111
10000000000000001000011111101111
10000000000000001000000101011101
10000000000000001001100111001100
10000000000000001100101101000001
00000000000000000000100110011111
00000000000000000100010110100011
00000000000000000111000010011010
00000000000000000111111111111111
00000000000000000111000000001110
00000000000000000100010010101101
00000000000000000000100001111100
10000000000000001100101000110111
10000000000000001001100100011101
10000000000000001000000100110100
10000000000000001000100001010110
10000000000000001010110011000100
10000000000000001110010110010011
00000000000000000010010011011010
00000000000000000101101100011100
00000000000000000111101100001111
00000000000000000111110011100001
00000000000000000110000000011111
00000000000000000010101111010101
10000000000000001110110011010000
10000000000000001011001001111101
10000000000000001000101100100100
10000000000000001000000001101000
10000000000000001001010011101001
10000000000000001100001110100010
00000000000000000000000100100011
00000000000000000011111001011100
00000000000000000110110001010001
00000000000000000111111111000001
00000000000000000111001111101001
00000000000000000100101110110000
00000000000000000001000011101111
10000000000000001101001000001001
10000000000000001001111001100100
10000000000000001000001010100100
10000000000000001000010110010110
10000000000000001010011010000000
10000000000000001101110101010100
00000000000000000001110010100100
00000000000000000101010011110010
00000000000000000111100001110100
00000000000000000111111001110111
00000000000000000110010110000100
00000000000000000011001110110110
10000000000000001111010100111111
10000000000000001011100101101010
10000000000000001000111011011101
10000000000000001000000000000011
10000000000000001001000001111111
10000000000000001011110001001000
10000000000000001111100010100101
00000000000000000011011011001111
00000000000000000110011110001110
00000000000000000111111011110010
00000000000000000111011101000010
00000000000000000101001001011110
00000000000000000001100101010000
10000000000000001101101000010000
10000000000000001010010000011001
10000000000000001000010010100010
10000000000000001000001101100000
10000000000000001010000010100001
10000000000000001101010100111011
00000000000000000001010001001110
00000000000000000100111001101001
00000000000000000111010101010000
00000000000000000111111101111111
00000000000000000110101001110111
00000000000000000011101101011101
10000000000000001111110110111011
10000000000000001100000010100111
10000000000000001001001100010101
10000000000000001000000000101110
10000000000000001000110010010011
10000000000000001011010100111010
10000000000000001111000000110000
00000000000000000010111100000100
00000000000000000110001001010110
00000000000000000111110110010101
00000000000000000111101000010100
00000000000000000101100010101111
00000000000000000010000110010100
10000000000000001110001001000001
10000000000000001010101000110101
10000000000000001000011100101011
10000000000000001000000110110110
10000000000000001001101100101101
10000000000000001100110101010011
00000000000000000000101111100001
00000000000000000100011110000111
00000000000000000111000110101001
00000000000000000111111111110111
00000000000000000110111011110001
00000000000000000100001011000001
00000000000000000000011000111001
10000000000000001100100000101011
10000000000000001001011111001000
10000000000000001000000011101001
10000000000000001000100100101000
10000000000000001010111010000000
10000000000000001110011111001100
00000000000000000010011100000100
00000000000000000101110010110000
00000000000000000111101110101010
00000000000000000111110001011100
00000000000000000101111010011100
00000000000000000010100110110010
10000000000000001110101010010011
10000000000000001011000010110010
10000000000000001000101000111100
10000000000000001000000010011011
10000000000000001001011000101011
10000000000000001100010110100100
00000000000000000000001101100111
00000000000000000100000001010100
00000000000000000110110110000010
00000000000000000111111111011111
00000000000000000111001011101110
00000000000000000100100111011001
00000000000000000000111010110000
10000000000000001100111111101110
10000000000000001001110011110001
10000000000000001000001000110100
10000000000000001000011001000100
10000000000000001010100000100010
10000000000000001101111110000100
00000000000000000001111011011001
00000000000000000101011010100001
00000000000000000111100100110011
00000000000000000111111000011001
00000000000000000110010000011111
00000000000000000011000110100001
10000000000000001111001011111110
10000000000000001011011110001001
10000000000000001000110111010010
10000000000000001000000000010000
10000000000000001001000110100000
10000000000000001011111000110111
10000000000000001111101011101001
00000000000000000011100011011001
00000000000000000110100011011111
00000000000000000111111100110111
00000000000000000111011001101010
00000000000000000101000010011111
00000000000000000001011100010110
10000000000000001101011111100111
10000000000000001010001010001001
10000000000000001000010000001100
10000000000000001000001111101001
10000000000000001010001000100111
10000000000000001101011101100000
00000000000000000001011010001010
00000000000000000101000000110000
00000000000000000111011000110100
00000000000000000111111101000111
00000000000000000110100100110000
00000000000000000011100101011001
10000000000000001111101101110111
10000000000000001011111010110001
10000000000000001001000111101001
10000000000000001000000000010100
10000000000000001000110110010010
10000000000000001011011100010100
10000000000000001111001001110000
00000000000000000011000100011110
00000000000000000110001111000110
00000000000000000111111000000000
00000000000000000111100101100000
00000000000000000101011100001001
00000000000000000001111101100011
10000000000000001110000000001110
10000000000000001010100010001010
10000000000000001000011001110000
10000000000000001000001000011010
10000000000000001001110010010110
10000000000000001100111101101010
00000000000000000000111000100010
00000000000000000100100101100101
00000000000000000111001010101111
00000000000000000111111111100101
00000000000000000110110111001011
00000000000000000100000011001111
00000000000000000000001111110101
10000000000000001100011000100011
10000000000000001001011001111011
10000000000000001000000010101001
10000000000000001000101000000101
10000000000000001011000001000011
10000000000000001110101000000111
00000000000000000010100100101011
00000000000000000101111000111100
00000000000000000111110000111010
00000000000000000111101111001110
00000000000000000101110100010010
00000000000000000010011110001100
10000000000000001110100001011000
10000000000000001010111011101110
10000000000000001000100101011110
10000000000000001000000011011001
10000000000000001001011101110110
10000000000000001100011110101011
00000000000000000000010110101010
00000000000000000100001001000111
00000000000000000110111010101010
00000000000000000111111111110100
00000000000000000111000111101010
00000000000000000100011111111101
00000000000000000000110001101111
10000000000000001100110111010110
10000000000000001001101110000101
10000000000000001000000111001110
10000000000000001000011011111100
10000000000000001010100111001100
10000000000000001110000110110110
00000000000000000010000100001010
00000000000000000101100001001000
00000000000000000111100111101001
00000000000000000111110110110000
00000000000000000110001010110001
00000000000000000010111110001001
10000000000000001111000010111101
10000000000000001011010110101110
10000000000000001000110011010001
10000000000000001000000000100111
10000000000000001001001011001010
10000000000000001100000000101011
10000000000000001111110100101100
00000000000000000011101011011110
00000000000000000110101000100111
00000000000000000111111101110010
00000000000000000111010110001001
00000000000000000100111011011001
00000000000000000001010011011011
10000000000000001101010111000010
10000000000000001010000100000000
10000000000000001000001110000001
10000000000000001000010001111100
10000000000000001010001110110110
10000000000000001101100110001000
00000000000000000001100011000100
00000000000000000101000111110001
00000000000000000111011100001110
00000000000000000111111100000100
00000000000000000110011111100010
00000000000000000011011101010000
10000000000000001111100100110100
10000000000000001011110011000001
10000000000000001001000011000101
10000000000000001000000000000101
10000000000000001000111010011010
10000000000000001011100011110011
10000000000000001111010010110001
00000000000000000011001100110100
00000000000000000110010100101101
00000000000000000111111001100001
00000000000000000111100010100011
00000000000000000101010101011101
00000000000000000001110100101111
10000000000000001101110111011101
10000000000000001010011011100110
10000000000000001000010111000000
10000000000000001000001010001000
10000000000000001001111000001000
10000000000000001101000110000101
00000000000000000001000001100010
00000000000000000100101100111101
00000000000000000111001110101100
00000000000000000111111111001001
00000000000000000110110010011101
00000000000000000011111011011000
00000000000000000000000110110001
10000000000000001100010000100000
10000000000000001001010100110111
10000000000000001000000001110100
10000000000000001000101011101010
10000000000000001011001000001100
10000000000000001110110001000011
00000000000000000010101101001111
00000000000000000101111111000001
00000000000000000111110011000001
00000000000000000111101100110110
00000000000000000101101110000000
00000000000000000010010101100011
10000000000000001110011000011111
10000000000000001010110100110001
10000000000000001000100010001001
10000000000000001000000100100000
10000000000000001001100011001000
10000000000000001100100110110110
00000000000000000000011111101101
00000000000000000100010000110101
00000000000000000110111111001001
00000000000000000111111111111110
00000000000000000111000011011101
00000000000000000100011000011010
00000000000000000000101000101101
10000000000000001100101111000011
10000000000000001001101000100010
10000000000000001000000101110010
10000000000000001000011110111110
10000000000000001010101101111100
10000000000000001110001111101011
00000000000000000010001100111001
00000000000000000101100111101001
00000000000000000111101010010101
00000000000000000111110100111101
00000000000000000110000100111100
00000000000000000010110101101100
10000000000000001110111001111110
10000000000000001011001111011000
10000000000000001000101111011000
10000000000000001000000001001000
10000000000000001001001111111101
10000000000000001100001000100100
10000000000000001111111101110000
00000000000000000011110011011111
00000000000000000110101101100111
00000000000000000111111110100011
00000000000000000111010010011111
00000000000000000100110100001101
00000000000000000001001010011110
10000000000000001101001110100000
10000000000000001001111101111111
10000000000000001000001011111111
10000000000000001000010100011010
10000000000000001010010101001011
10000000000000001101101110110010
00000000000000000001101011111100
00000000000000000101001110101011
00000000000000000111011111011110
00000000000000000111111010110111
00000000000000000110011010001010
00000000000000000011010101000010
10000000000000001111011011110001
10000000000000001011101011010110
10000000000000001000111110101011
10000000000000001000000000000000
10000000000000001000111110101100
10000000000000001011101011011001
10000000000000001111011011110100
00000000000000000011010101000101
00000000000000000110011010001100
00000000000000000111111010111000
00000000000000000111011111011101
00000000000000000101001110101001
00000000000000000001101011111001
10000000000000001101101110110000
10000000000000001010010101001001
10000000000000001000010100011001
10000000000000001000001011111111
10000000000000001001111110000001
10000000000000001101001110100011
00000000000000000001001010100001
00000000000000000100110100001111
00000000000000000111010010100000
00000000000000000111111110100011
00000000000000000110101101100101
00000000000000000011110011011101
10000000000000001111111101101101
10000000000000001100001000100010
10000000000000001001001111111100
10000000000000001000000001001000
10000000000000001000101111011001
10000000000000001011001111011011
10000000000000001110111010000001
00000000000000000010110101101111
00000000000000000110000100111110
00000000000000000111110100111110
00000000000000000111101010010100
00000000000000000101100111100111
00000000000000000010001100110111
10000000000000001110001111101000
10000000000000001010101101111010
10000000000000001000011110111101
10000000000000001000000101110010
10000000000000001001101000100100
10000000000000001100101111000101
00000000000000000000101000110000
00000000000000000100011000011101
00000000000000000111000011011111
00000000000000000111111111111110
00000000000000000110111111000111
00000000000000000100010000110010
00000000000000000000011111101011
10000000000000001100100110110011
10000000000000001001100011000111
10000000000000001000000100100000
10000000000000001000100010001010
10000000000000001010110100110011
10000000000000001110011000100010
00000000000000000010010101100110
00000000000000000101101110000010
00000000000000000111101100110111
00000000000000000111110011000000
00000000000000000101111110111111
00000000000000000010101101001100
10000000000000001110110001000000
10000000000000001011001000001001
10000000000000001000101011101001
10000000000000001000000001110100
10000000000000001001010100111001
10000000000000001100010000100011
00000000000000000000000110110100
00000000000000000011111011011011
00000000000000000110110010011110
00000000000000000111111111001001
00000000000000000111001110101011
00000000000000000100101100111011
00000000000000000001000001011111
10000000000000001101000110000010
10000000000000001001111000000110
10000000000000001000001010000111
10000000000000001000010111000001
10000000000000001010011011101000
10000000000000001101110111100000
00000000000000000001110100110010
00000000000000000101010101011111
00000000000000000111100010100100
00000000000000000111111001100000
00000000000000000110010100101011
00000000000000000011001100110001
10000000000000001111010010101110
10000000000000001011100011110001
10000000000000001000111010011001
10000000000000001000000000000101
10000000000000001001000011000111
10000000000000001011110011000100
10000000000000001111100100110111
00000000000000000011011101010010
00000000000000000110011111100011
00000000000000000111111100000101
00000000000000000111011100001100
00000000000000000101000111101111
00000000000000000001100011000001
10000000000000001101100110000101
10000000000000001010001110110100
10000000000000001000010001111100
10000000000000001000001110000001
10000000000000001010000100000010
10000000000000001101010111000101
00000000000000000001010011011110
00000000000000000100111011011011
00000000000000000111010110001010
00000000000000000111111101110010
00000000000000000110101000100101
00000000000000000011101011011100
10000000000000001111110100101001
10000000000000001100000000101000
10000000000000001001001011001001
10000000000000001000000000100111
10000000000000001000110011010010
10000000000000001011010110110000
10000000000000001111000011000000
00000000000000000010111110001100
00000000000000000110001010110011
00000000000000000111110110110000
00000000000000000111100111101000
00000000000000000101100001000110
00000000000000000010000100001000
10000000000000001110000110110011
10000000000000001010100111001001
10000000000000001000011011111011
10000000000000001000000111001110
10000000000000001001101110000111
10000000000000001100110111011001
00000000000000000000110001110010
00000000000000000100011111111111
00000000000000000111000111101100
00000000000000000111111111110100
00000000000000000110111010101000
00000000000000000100001001000101
00000000000000000000010110100111
10000000000000001100011110101000
10000000000000001001011101110100
10000000000000001000000011011000
10000000000000001000100101011111
10000000000000001010111011110001
10000000000000001110100001011011
00000000000000000010011110001111
00000000000000000101110100010100
00000000000000000111101111001111
00000000000000000111110000111010
00000000000000000101111000111010
00000000000000000010100100101001
10000000000000001110101000000100
10000000000000001011000001000000
10000000000000001000101000000011
10000000000000001000000010101010
10000000000000001001011001111101
10000000000000001100011000100110
00000000000000000000001111111000
00000000000000000100000011010010
00000000000000000110110111001101
00000000000000000111111111100110
00000000000000000111001010101110
00000000000000000100100101100010
00000000000000000000111000011111
10000000000000001100111101100111
10000000000000001001110010010101
10000000000000001000001000011001
10000000000000001000011001110001
10000000000000001010100010001100
10000000000000001110000000010001
00000000000000000001111101100110
00000000000000000101011100001100
00000000000000000111100101100001
00000000000000000111110111111111
00000000000000000110001111000100
00000000000000000011000100011011
10000000000000001111001001101101
10000000000000001011011100010001
10000000000000001000110110010001
10000000000000001000000000010101
10000000000000001001000111101010
10000000000000001011111010110100
10000000000000001111101101111010
00000000000000000011100101011011
00000000000000000110100100110010
00000000000000000111111101000111
00000000000000000111011000110011
00000000000000000101000000101110
00000000000000000001011010000111
10000000000000001101011101011101
10000000000000001010001000100101
10000000000000001000001111101000
10000000000000001000010000001101
10000000000000001010001010001011
10000000000000001101011111101010
00000000000000000001011100011001
00000000000000000101000010100001
00000000000000000111011001101011
00000000000000000111111100110111
00000000000000000110100011011101
00000000000000000011100011010110
10000000000000001111101011100110
10000000000000001011111000110100
10000000000000001001000110011111
10000000000000001000000000010000
10000000000000001000110111010011
10000000000000001011011110001011
10000000000000001111001100000001
00000000000000000011000110100100
00000000000000000110010000100001
00000000000000000111111000011001
00000000000000000111100100110010
00000000000000000101011010011111
00000000000000000001111011010110
10000000000000001101111110000001
10000000000000001010100000100000
10000000000000001000011001000011
10000000000000001000001000110101
10000000000000001001110011110010
10000000000000001100111111110001
00000000000000000000111010110011
00000000000000000100100111011100
00000000000000000111001011110000
00000000000000000111111111011111
00000000000000000110110110000000
00000000000000000100000001010010
00000000000000000000001101100100
10000000000000001100010110100001
10000000000000001001011000101001
10000000000000001000000010011011
10000000000000001000101000111101
10000000000000001011000010110101
10000000000000001110101010010110
00000000000000000010100110110101
00000000000000000101111010011110
00000000000000000111110001011101
00000000000000000111101110101001
00000000000000000101110010101110
00000000000000000010011100000010
10000000000000001110011111001001
10000000000000001010111001111110
10000000000000001000100100100111
10000000000000001000000011101010
10000000000000001001011111001010
10000000000000001100100000101110
00000000000000000000011000111100
00000000000000000100001011000011
00000000000000000110111011110010
00000000000000000111111111111000
00000000000000000111000110101000
00000000000000000100011110000100
00000000000000000000101111011110
10000000000000001100110101010001
10000000000000001001101100101011
10000000000000001000000110110110
10000000000000001000011100101100
10000000000000001010101000110111
10000000000000001110001001000011
00000000000000000010000110010111
00000000000000000101100010110001
00000000000000000111101000010101
00000000000000000111110110010100
00000000000000000110001001010100
00000000000000000010111100000010
10000000000000001111000000101101
10000000000000001011010100110111
10000000000000001000110010010001
10000000000000001000000000101110
10000000000000001001001100010111
10000000000000001100000010101001
10000000000000001111110110111110
00000000000000000011101101100000
00000000000000000110101001111000
00000000000000000111111101111111
00000000000000000111010101001111
00000000000000000100111001100110
00000000000000000001010001001011
10000000000000001101010100111001
10000000000000001010000010011111
10000000000000001000001101011111
10000000000000001000010010100011
10000000000000001010010000011011
10000000000000001101101000010010
00000000000000000001100101010011
00000000000000000101001001100000
00000000000000000111011101000011
00000000000000000111111011110010
00000000000000000110011110001100
00000000000000000011011011001100
10000000000000001111100010100010
10000000000000001011110001000101
10000000000000001001000001111110
10000000000000001000000000000011
10000000000000001000111011011110
10000000000000001011100101101100
10000000000000001111010101000010
00000000000000000011001110111001
00000000000000000110010110000110
00000000000000000111111001111000
00000000000000000111100001110011
00000000000000000101010011110000
00000000000000000001110010100010
10000000000000001101110101010001
10000000000000001010011001111110
10000000000000001000010110010101
10000000000000001000001010100101
10000000000000001001111001100110
10000000000000001101001000001100
00000000000000000001000011110010
00000000000000000100101110110011
00000000000000000111001111101010
00000000000000000111111111000001
00000000000000000110110001001111
00000000000000000011111001011010
00000000000000000000000100100000
10000000000000001100001110100000
10000000000000001001010011100111
10000000000000001000000001101000
10000000000000001000101100100101
10000000000000001011001001111111
10000000000000001110110011010011
00000000000000000010101111011000
00000000000000000110000000100001
00000000000000000111110011100001
00000000000000000111101100001110
00000000000000000101101100011010
00000000000000000010010011011000
10000000000000001110010110010001
10000000000000001010110011000010
10000000000000001000100001010101
10000000000000001000000100110100
10000000000000001001100100011111
10000000000000001100101000111010
00000000000000000000100001111111
00000000000000000100010010110000
00000000000000000111000000001111
00000000000000000111111111111111
00000000000000000111000010011000
00000000000000000100010110100000
00000000000000000000100110011100
10000000000000001100101100111110
10000000000000001001100111001010
10000000000000001000000101011100
10000000000000001000011111110000
10000000000000001010101111101001
10000000000000001110010001111001
00000000000000000010001111000101
00000000000000000101101001010000
00000000000000000111101010111110
00000000000000000111110100011111
00000000000000000110000011011101
00000000000000000010110011100100
10000000000000001110110111101110
10000000000000001011001101100100
10000000000000001000101110011011
10000000000000001000000001010010
10000000000000001001010001001100
10000000000000001100001010100100
00000000000000000000000000000001
00000000000000000011110101011111
00000000000000000110101110110110
00000000000000000111111110101110
00000000000000000111010001100011
00000000000000000100110010011001
00000000000000000001001000001110
10000000000000001101001100011000
10000000000000001001111100100000
10000000000000001000001011100000
10000000000000001000010101000011
10000000000000001010010110110010
10000000000000001101110000111110
00000000000000000001101110001010
00000000000000000101010000011001
00000000000000000111100000010001
00000000000000000111111010100011
00000000000000000110011000110011
00000000000000000011010010111110
10000000000000001111011001011111
10000000000000001011101001011100
10000000000000001000111101100101
10000000000000001000000000000000
10000000000000001000111111110010
10000000000000001011101101010011
10000000000000001111011110000101
00000000000000000011010111001001
00000000000000000110011011100011
00000000000000000111111011001100
00000000000000000111011110101001
00000000000000000101001100111011
00000000000000000001101001101011
10000000000000001101101100100100
10000000000000001010010011100011
10000000000000001000010011110000
10000000000000001000001100011111
10000000000000001001111111100001
10000000000000001101010000101011
00000000000000000001001100110001
00000000000000000100110110000011
00000000000000000111010011011100
00000000000000000111111110010111
00000000000000000110101100010110
00000000000000000011110001011100
10000000000000001111111011011100
10000000000000001100000110100011
10000000000000001001001110101110
10000000000000001000000000111111
10000000000000001000110000010111
10000000000000001011010001010000
10000000000000001110111100010001
00000000000000000010110111110111
00000000000000000110000110011100
00000000000000000111110101011011
00000000000000000111101001101001
00000000000000000101100101111111
00000000000000000010001010101011
10000000000000001110001101011010
10000000000000001010101100001101
10000000000000001000011110001100
10000000000000001000000110001000
10000000000000001001101001111100
10000000000000001100110001001010
00000000000000000000101011000001
00000000000000000100011010010110
00000000000000000111000100100011
00000000000000000111111111111101
00000000000000000110111110000000
00000000000000000100001110110111
00000000000000000000011101011001
10000000000000001100100100110000
10000000000000001001100001110001
10000000000000001000000100001101
10000000000000001000100010111110
10000000000000001010110110100010
10000000000000001110011010110000
00000000000000000010010111110001
00000000000000000101101111100111
00000000000000000111101101011110
00000000000000000111110010011111
00000000000000000101111101011110
00000000000000000010101011000011
10000000000000001110101110110000
10000000000000001011000110010110
10000000000000001000101010101111
10000000000000001000000010000000
10000000000000001001010110001010
10000000000000001100010010100011
00000000000000000000001001000110
00000000000000000011111101011010
00000000000000000110110011101011
00000000000000000111111111010001
00000000000000000111001101101100
00000000000000000100101011000101
00000000000000000000111111001111
10000000000000001101000011111010
10000000000000001001110110101001
10000000000000001000001001101011
10000000000000001000010111101100
10000000000000001010011101010001
10000000000000001101111001101100
00000000000000000001110111000000
00000000000000000101010111001011
00000000000000000111100011010101
00000000000000000111111001001001
00000000000000000110010011010010
00000000000000000011001010101011
10000000000000001111010000011101
10000000000000001011100001111000
10000000000000001000111001010110
10000000000000001000000000001000
10000000000000001001000100001111
10000000000000001011110101000000
10000000000000001111100111001000
00000000000000000011011111010110
00000000000000000110100000111000
00000000000000000111111100010110
00000000000000000111011011010111
00000000000000000101000101111111
00000000000000000001100000110010
10000000000000001101100011111010
10000000000000001010001101001111
10000000000000001000010001010110
10000000000000001000001110100011
10000000000000001010000101100100
10000000000000001101011001001110
00000000000000000001010101101101
00000000000000000100111101001110
00000000000000000111010111000100
00000000000000000111111101100100
00000000000000000110100111010100
00000000000000000011101001011010
10000000000000001111110010011000
10000000000000001011111110101010
10000000000000001001001001111101
10000000000000001000000000100000
10000000000000001000110100010010
10000000000000001011011000100111
10000000000000001111000101010001
00000000000000000011000000010010
00000000000000000110001100010000
00000000000000000111110111001100
00000000000000000111100110111011
00000000000000000101011111011100
00000000000000000010000001111011
10000000000000001110000100100110
10000000000000001010100101011110
10000000000000001000011011001100
10000000000000001000000111100111
10000000000000001001101111100001
10000000000000001100111001011111
00000000000000000000110100000011
00000000000000000100100001110111
00000000000000000111001000101110
00000000000000000111111111110000
00000000000000000110111001011111
00000000000000000100000111001000
00000000000000000000010100010110
10000000000000001100011100100110
10000000000000001001011100100000
10000000000000001000000011001000
10000000000000001000100110010110
10000000000000001010111101100001
10000000000000001110100011101010
00000000000000000010100000011001
00000000000000000101110101111000
00000000000000000111101111110011
00000000000000000111110000010110
00000000000000000101110111010111
00000000000000000010100010011111
10000000000000001110100101110100
10000000000000001010111111001111
10000000000000001000100111001011
10000000000000001000000010111001
10000000000000001001011011010000
10000000000000001100011010101000
00000000000000000000010010001001
00000000000000000100000101001111
00000000000000000110111000010111
00000000000000000111111111101011
00000000000000000111001001101101
00000000000000000100100011101011
00000000000000000000110110001111
10000000000000001100111011100001
10000000000000001001110000111001
10000000000000001000001000000000
10000000000000001000011010011111
10000000000000001010100011110111
10000000000000001110000010011101
00000000000000000001111111110011
00000000000000000101011101110110
00000000000000000111100110001111
00000000000000000111110111100101
00000000000000000110001101101000
00000000000000000011000010010101
10000000000000001111000111011100
10000000000000001011011010011010
10000000000000001000110101010000
10000000000000001000000000011010
10000000000000001001001000110101
10000000000000001011111100110001
10000000000000001111110000001011
00000000000000000011100111011101
00000000000000000110100110000101
00000000000000000111111101010110
00000000000000000111010111111010
00000000000000000100111110111100
00000000000000000001010111111000
10000000000000001101011011010011
10000000000000001010000111000011
10000000000000001000001111000101
10000000000000001000010000110010
10000000000000001010001011101110
10000000000000001101100001110100
00000000000000000001011110101000
00000000000000000101000100010010
00000000000000000111011010100010
00000000000000000111111100100111
00000000000000000110100010001001
00000000000000000011100001010100
10000000000000001111101001010100
10000000000000001011110110111000
10000000000000001001000101010101
10000000000000001000000000001011
10000000000000001000111000010110
10000000000000001011100000000100
10000000000000001111001110010010
00000000000000000011001000101010
00000000000000000110010001111011
00000000000000000111111000110010
00000000000000000111100100000011
00000000000000000101011000110011
00000000000000000001111001001001
10000000000000001101111011110100
10000000000000001010011110110111
10000000000000001000011000010111
10000000000000001000001001010000
10000000000000001001110101001111
10000000000000001101000001111000
00000000000000000000111101000011
00000000000000000100101001010011
00000000000000000111001100101111
00000000000000000111111111011001
00000000000000000110110100110101
00000000000000000011111111010100
00000000000000000000001011010010
10000000000000001100010100100000
10000000000000001001010111011000
10000000000000001000000010001101
10000000000000001000101001110111
10000000000000001011000100100111
10000000000000001110101100100110
00000000000000000010101000111111
00000000000000000101111100000000
00000000000000000111110001111111
00000000000000000111101110000011
00000000000000000101110001001001
00000000000000000010011001110111
10000000000000001110011100111010
10000000000000001010111000001110
10000000000000001000100011110010
10000000000000001000000011111011
10000000000000001001100000011111
10000000000000001100100010110001
00000000000000000000011011001101
00000000000000000100001100111111
00000000000000000110111100111011
00000000000000000111111111111010
00000000000000000111000101100101
00000000000000000100011100001011
00000000000000000000101101001101
10000000000000001100110011001011
10000000000000001001101011010010
10000000000000001000000110011110
10000000000000001000011101011100
10000000000000001010101010100100
10000000000000001110001011010001
00000000000000000010001000100011
00000000000000000101100100011010
00000000000000000111101001000000
00000000000000000111110101111000
00000000000000000110000111110111
00000000000000000010111001111010
10000000000000001110111110011100
10000000000000001011010011000010
10000000000000001000110001010011
10000000000000001000000000110110
10000000000000001001001101100011
10000000000000001100000100101000
10000000000000001111111001001111
00000000000000000011101111100000
00000000000000000110101011001001
00000000000000000111111110001100
00000000000000000111010100010101
00000000000000000100110111110011
00000000000000000001001110111100
10000000000000001101010010110000
10000000000000001010000000111110
10000000000000001000001100111110
10000000000000001000010011001010
10000000000000001010010010000000
10000000000000001101101010011110
00000000000000000001100111100001
00000000000000000101001011010000
00000000000000000111011101110111
00000000000000000111111011011111
00000000000000000110011100110110
00000000000000000011011001001001
10000000000000001111100000010001
10000000000000001011101111001010
10000000000000001001000000110110
10000000000000001000000000000001
10000000000000001000111100100011
10000000000000001011100111100110
10000000000000001111010111010011
00000000000000000011010000111110
00000000000000000110010111011110
00000000000000000111111010001110
00000000000000000111100001000001
00000000000000000101010010000011
00000000000000000001110000010100
10000000000000001101110011000101
10000000000000001010011000010110
10000000000000001000010101101011
10000000000000001000001011000011
10000000000000001001111011000100
10000000000000001101001010010100
00000000000000000001000110000011
00000000000000000100110000101000
00000000000000000111010000101000
00000000000000000111111110110111
00000000000000000110110000000010
00000000000000000011110111011010
00000000000000000000000010001110
10000000000000001100001100011111
10000000000000001001010010011000
10000000000000001000000001011100
10000000000000001000101101100001
10000000000000001011001011110011
10000000000000001110110101100011
00000000000000000010110001100000
00000000000000000110000010000001
00000000000000000111110100000001
00000000000000000111101011100110
00000000000000000101101010110011
00000000000000000010010001001100
10000000000000001110010100000010
10000000000000001010110001010100
10000000000000001000100000100001
10000000000000001000000101001000
10000000000000001001100101110110
10000000000000001100101010111110
00000000000000000000100100010000
00000000000000000100010100101010
00000000000000000111000001010101
00000000000000000111111111111111
00000000000000000111000001010011
00000000000000000100010100100110
00000000000000000000100100001011
10000000000000001100101010111001
10000000000000001001100101110011
10000000000000001000000101001000
10000000000000001000100000100011
10000000000000001010110001010111
10000000000000001110010100000111
00000000000000000010010001010001
00000000000000000101101010110111
00000000000000000111101011100111
00000000000000000111110100000000
00000000000000000110000001111110
00000000000000000010110001011100
10000000000000001110110101011110
10000000000000001011001011101111
10000000000000001000101101011111
10000000000000001000000001011101
10000000000000001001010010011011
10000000000000001100001100100100
00000000000000000000000010010011
00000000000000000011110111011111
00000000000000000110110000000100
00000000000000000111111110111000
00000000000000000111010000100110
00000000000000000100110000100100
00000000000000000001000101111110
10000000000000001101001010010000
10000000000000001001111011000001
10000000000000001000001011000010
10000000000000001000010101101100
10000000000000001010011000011010
10000000000000001101110011001010
00000000000000000001110000011001
00000000000000000101010010000111
00000000000000000111100001000011
00000000000000000111111010001101
00000000000000000110010111011011
00000000000000000011010000111001
10000000000000001111010111001110
10000000000000001011100111100010
10000000000000001000111100100000
10000000000000001000000000000001
10000000000000001001000000111001
10000000000000001011101111001110
10000000000000001111100000010110
00000000000000000011011001001101
00000000000000000110011100111001
00000000000000000111111011100000
00000000000000000111011101110101
00000000000000000101001011001100
00000000000000000001100111011101
10000000000000001101101010011001
10000000000000001010010001111101
10000000000000001000010011001001
10000000000000001000001100111111
10000000000000001010000001000001
10000000000000001101010010110100
00000000000000000001001111000000
00000000000000000100110111110111
00000000000000000111010100010111
00000000000000000111111110001100
00000000000000000110101011000110
00000000000000000011101111011100
10000000000000001111111001001010
10000000000000001100000100100100
10000000000000001001001101100001
10000000000000001000000000110110
10000000000000001000110001010101
10000000000000001011010011000110
10000000000000001110111110100001
00000000000000000010111001111111
00000000000000000110000111111010
00000000000000000111110101111001
00000000000000000111101000111111
00000000000000000101100100010111
00000000000000000010001000011110
10000000000000001110001011001100
10000000000000001010101010100000
10000000000000001000011101011011
10000000000000001000000110011111
10000000000000001001101011010101
10000000000000001100110011010000
00000000000000000000101101010010
00000000000000000100011100010000
00000000000000000111000101100111
00000000000000000111111111111010
00000000000000000110111100111000
00000000000000000100001100111011
00000000000000000000011011001000
10000000000000001100100010101100
10000000000000001001100000011100
10000000000000001000000011111011
10000000000000001000100011110011
10000000000000001010111000010010
10000000000000001110011100111111
00000000000000000010011001111100
00000000000000000101110001001101
00000000000000000111101110000100
00000000000000000111110001111110
00000000000000000101111011111101
00000000000000000010101000111010
10000000000000001110101100100001
10000000000000001011000100100011
10000000000000001000101001110101
10000000000000001000000010001110
10000000000000001001010111011011
10000000000000001100010100100101
00000000000000000000001011010111
00000000000000000011111111011000
00000000000000000110110100110111
00000000000000000111111111011001
00000000000000000111001100101101
00000000000000000100101001001111
00000000000000000000111100111110
10000000000000001101000001110011
10000000000000001001110101001100
10000000000000001000001001001111
10000000000000001000011000011000
10000000000000001010011110111010
10000000000000001101111011111001
00000000000000000001111001001101
00000000000000000101011000110111
00000000000000000111100100000100
00000000000000000111111000110001
00000000000000000110010001111000
00000000000000000011001000100110
10000000000000001111001110001101
10000000000000001011011111111111
10000000000000001000111000010011
10000000000000001000000000001100
10000000000000001001000101011000
10000000000000001011110110111100
10000000000000001111101001011001
00000000000000000011100001011000
00000000000000000110100010001100
00000000000000000111111100100111
00000000000000000111011010100000
00000000000000000101000100001110
00000000000000000001011110100100
10000000000000001101100001110000
10000000000000001010001011101011
10000000000000001000010000110001
10000000000000001000001111000110
10000000000000001010000111000110
10000000000000001101011011011000
00000000000000000001010111111101
00000000000000000100111111000000
00000000000000000111010111111100
00000000000000000111111101010110
00000000000000000110100110000010
00000000000000000011100111011001
10000000000000001111110000000111
10000000000000001011111100101101
10000000000000001001001000110010
10000000000000001000000000011010
10000000000000001000110101010010
10000000000000001011011010011110
10000000000000001111000111100001
00000000000000000011000010011001
00000000000000000110001101101100
00000000000000000111110111100110
00000000000000000111100110001110
00000000000000000101011101110010
00000000000000000001111111101110
10000000000000001110000010011001
10000000000000001010100011110011
10000000000000001000011010011110
10000000000000001000001000000000
10000000000000001001110000111100
10000000000000001100111011100101
00000000000000000000110110010011
00000000000000000100100011101111
00000000000000000111001001101111
00000000000000000111111111101011
00000000000000000110111000010101
00000000000000000100000101001011
00000000000000000000010010000100
10000000000000001100011010100011
10000000000000001001011011001101
10000000000000001000000010111000
10000000000000001000100111001101
10000000000000001010111111010011
10000000000000001110100101111001
00000000000000000010100010100011
00000000000000000101110111011011
00000000000000000111110000010111
00000000000000000111101111110010
00000000000000000101110101110100
00000000000000000010100000010101
10000000000000001110100011100101
10000000000000001010111101011110
10000000000000001000100110010100
10000000000000001000000011001001
10000000000000001001011100100011
10000000000000001100011100101010
00000000000000000000010100011011
00000000000000000100000111001100
00000000000000000110111001100001
00000000000000000111111111110000
00000000000000000111001000101100
00000000000000000100100001110011
00000000000000000000110011111110
10000000000000001100111001011010
10000000000000001001101111011110
10000000000000001000000111100110
10000000000000001000011011001110
10000000000000001010100101100010
10000000000000001110000100101011
00000000000000000010000010000000
00000000000000000101011111100000
00000000000000000111100110111101
00000000000000000111110111001011
00000000000000000110001100001100
00000000000000000011000000001110
10000000000000001111000101001100
10000000000000001011011000100011
10000000000000001000110100001111
10000000000000001000000000100000
10000000000000001001001010000000
10000000000000001011111110101111
10000000000000001111110010011101
00000000000000000011101001011111
00000000000000000110100111010111
00000000000000000111111101100101
00000000000000000111010111000010
00000000000000000100111101001010
00000000000000000001010101101000
10000000000000001101011001001010
10000000000000001010000101100001
10000000000000001000001110100010
10000000000000001000010001010111
10000000000000001010001101010010
10000000000000001101100011111111
00000000000000000001100000110111
00000000000000000101000110000010
00000000000000000111011011011001
00000000000000000111111100010110
00000000000000000110100000110101
00000000000000000011011111010001
10000000000000001111100111000011
10000000000000001011110100111011
10000000000000001001000100001101
10000000000000001000000000001000
10000000000000001000111001011000
10000000000000001011100001111100
10000000000000001111010000100010
00000000000000000011001010110000
00000000000000000110010011010101
00000000000000000111111001001010
00000000000000000111100011010011
00000000000000000101010111000111
00000000000000000001110110111011
10000000000000001101111001101000
10000000000000001010011101001101
10000000000000001000010111101011
10000000000000001000001001101100
10000000000000001001110110101100
10000000000000001101000011111111
00000000000000000000111111010100
00000000000000000100101011001001
00000000000000000111001101101111
00000000000000000111111111010001
00000000000000000110110011101000
00000000000000000011111101010101
00000000000000000000001001000001
10000000000000001100010010011111
10000000000000001001010110000111
10000000000000001000000010000000
10000000000000001000101010110001
10000000000000001011000110011010
10000000000000001110101110110101
00000000000000000010101011001000
00000000000000000101111101100001
00000000000000000111110010100001
00000000000000000111101101011100
00000000000000000101101111100100
00000000000000000010010111101100
10000000000000001110011010101100
10000000000000001010110110011110
10000000000000001000100010111100
10000000000000001000000100001110
10000000000000001001100001110100
10000000000000001100100100110100
00000000000000000000011101011110
00000000000000000100001110111011
00000000000000000110111110000010
00000000000000000111111111111101
00000000000000000111000100100001
00000000000000000100011010010010
00000000000000000000101010111100
10000000000000001100110001000110
10000000000000001001101001111001
10000000000000001000000110001000
10000000000000001000011110001101
10000000000000001010101100010000
10000000000000001110001101011111
00000000000000000010001010101111
00000000000000000101100110000010
00000000000000000111101001101011
00000000000000000111110101011010
00000000000000000110000110011001
00000000000000000010110111110010
10000000000000001110111100001100
10000000000000001011010001001100
10000000000000001000110000010101
10000000000000001000000000111111
10000000000000001001001110110001
10000000000000001100000110100111
10000000000000001111111011100001
00000000000000000011110001100001
00000000000000000110101100011001
00000000000000000111111110011000
00000000000000000111010011011010
00000000000000000100110101111111
00000000000000000001001100101100
10000000000000001101010000100111
10000000000000001001111111011110
10000000000000001000001100011110
10000000000000001000010011110010
10000000000000001010010011100110
10000000000000001101101100101001
00000000000000000001101001110000
00000000000000000101001100111110
00000000000000000111011110101011
00000000000000000111111011001011
00000000000000000110011011100000
00000000000000000011010111000101
10000000000000001111011110000000
10000000000000001011101101001111
10000000000000001000111111110000
10000000000000001000000000000000
10000000000000001000111101101000
10000000000000001011101001100000
10000000000000001111011001100100
00000000000000000011010011000010
00000000000000000110011000110110
00000000000000000111111010100011
00000000000000000111100000001111
00000000000000000101010000010101
00000000000000000001101110000110
10000000000000001101110000111001
10000000000000001010010110101111
10000000000000001000010101000001
10000000000000001000001011100001
10000000000000001001111100100011
10000000000000001101001100011100
00000000000000000001001000010011
00000000000000000100110010011101
00000000000000000111010001100101
00000000000000000111111110101101
00000000000000000110101110110011
00000000000000000011110101011011
10000000000000001111111111111101
10000000000000001100001010100000
10000000000000001001010001001001
10000000000000001000000001010010
10000000000000001000101110011101
10000000000000001011001101101000
10000000000000001110110111110011
00000000000000000010110011101001
00000000000000000110000011100000
00000000000000000111110100100000
00000000000000000111101010111101
00000000000000000101101001001101
00000000000000000010001111000001
10000000000000001110010001110100
10000000000000001010101111100110
10000000000000001000011111101111
10000000000000001000000101011101
10000000000000001001100111001101
10000000000000001100101101000010
00000000000000000000100110100001
00000000000000000100010110100100
00000000000000000111000010011011
00000000000000000111111111111111
00000000000000000111000000001101
00000000000000000100010010101011
00000000000000000000100001111010
10000000000000001100101000110101
10000000000000001001100100011100
10000000000000001000000100110011
10000000000000001000100001010110
10000000000000001010110011000110
10000000000000001110010110010101
00000000000000000010010011011100
00000000000000000101101100011101
00000000000000000111101100001111
00000000000000000111110011100000
00000000000000000110000000011110
00000000000000000010101111010011
10000000000000001110110011001110
10000000000000001011001001111011
10000000000000001000101100100011
10000000000000001000000001101000
10000000000000001001010011101010
10000000000000001100001110100100
00000000000000000000000100100101
00000000000000000011111001011110
00000000000000000110110001010010
00000000000000000111111111000001
00000000000000000111001111101000
00000000000000000100101110101111
00000000000000000001000011101101
10000000000000001101001000001000
10000000000000001001111001100011
10000000000000001000001010100100
10000000000000001000010110010110
10000000000000001010011010000001
10000000000000001101110101010110
00000000000000000001110010100110
00000000000000000101010011110100
00000000000000000111100001110100
00000000000000000111111001110111
00000000000000000110010110000011
00000000000000000011001110110100
10000000000000001111010100111101
10000000000000001011100101101000
10000000000000001000111011011100
10000000000000001000000000000011
10000000000000001001000010000000
10000000000000001011110001001010
10000000000000001111100010100111
00000000000000000011011011010001
00000000000000000110011110001111
00000000000000000111111011110010
00000000000000000111011101000001
00000000000000000101001001011101
00000000000000000001100101001110
10000000000000001101101000001110
10000000000000001010010000010111
10000000000000001000010010100010
10000000000000001000001101100000
10000000000000001010000010100010
10000000000000001101010100111101
00000000000000000001010001010000
00000000000000000100111001101010
00000000000000000111010101010001
00000000000000000111111101111111
00000000000000000110101001110101
00000000000000000011101101011011
10000000000000001111110110111001
10000000000000001100000010100101
10000000000000001001001100010100
10000000000000001000000000101110
10000000000000001000110010010011
10000000000000001011010100111011
10000000000000001111000000110010
00000000000000000010111100000110
00000000000000000110001001011000
00000000000000000111110110010101
00000000000000000111101000010011
00000000000000000101100010101110
00000000000000000010000110010010
10000000000000001110001000111111
10000000000000001010101000110100
10000000000000001000011100101010
10000000000000001000000110110111
10000000000000001001101100101110
10000000000000001100110101010101
00000000000000000000101111100011
00000000000000000100011110001000
00000000000000000111000110101010
00000000000000000111111111110111
00000000000000000110111011110000
00000000000000000100001010111111
00000000000000000000011000110111
10000000000000001100100000101001
10000000000000001001011111000111
10000000000000001000000011101001
10000000000000001000100100101001
10000000000000001010111010000010
10000000000000001110011111001110
00000000000000000010011100000110
00000000000000000101110010110001
00000000000000000111101110101010
00000000000000000111110001011100
00000000000000000101111010011011
00000000000000000010100110110000
10000000000000001110101010010001
10000000000000001011000010110001
10000000000000001000101000111011
10000000000000001000000010011011
10000000000000001001011000101100
10000000000000001100010110100110
00000000000000000000001101101000
00000000000000000100000001010110
00000000000000000110110110000011
00000000000000000111111111100000
00000000000000000111001011101101
00000000000000000100100111011000
00000000000000000000111010101110
10000000000000001100111111101100
10000000000000001001110011101111
10000000000000001000001000110100
10000000000000001000011001000101
10000000000000001010100000100100
10000000000000001101111110000110
00000000000000000001111011011011
00000000000000000101011010100010
00000000000000000111100100110100
00000000000000000111111000011000
00000000000000000110010000011101
00000000000000000011000110100000
10000000000000001111001011111100
10000000000000001011011110000111
10000000000000001000110111010001
10000000000000001000000000010000
10000000000000001001000110100001
10000000000000001011111000111000
10000000000000001111101011101011
00000000000000000011100011011011
00000000000000000110100011100000
00000000000000000111111100111000
00000000000000000111011001101001
00000000000000000101000010011101
00000000000000000001011100010100
10000000000000001101011111100101
10000000000000001010001010000111
10000000000000001000010000001100
10000000000000001000001111101010
10000000000000001010001000101001
10000000000000001101011101100010
00000000000000000001011010001100
00000000000000000101000000110010
00000000000000000111011000110101
00000000000000000111111101000111
00000000000000000110100100101111
00000000000000000011100101010111
10000000000000001111101101110101
10000000000000001011111010110000
10000000000000001001000111101000
10000000000000001000000000010100
10000000000000001000110110010011
10000000000000001011011100010101
10000000000000001111001001110010
00000000000000000011000100100000
00000000000000000110001111000111
00000000000000000111111000000000
00000000000000000111100101100000
00000000000000000101011100001000
00000000000000000001111101100001
10000000000000001110000000001100
10000000000000001010100010001001
10000000000000001000011001110000
10000000000000001000001000011010
10000000000000001001110010011000
10000000000000001100111101101100
00000000000000000000111000100100
00000000000000000100100101100111
00000000000000000111001010110000
00000000000000000111111111100101
00000000000000000110110111001010
00000000000000000100000011001110
00000000000000000000001111110011
10000000000000001100011000100001
10000000000000001001011001111010
10000000000000001000000010101001
10000000000000001000101000000101
10000000000000001011000001000100
10000000000000001110101000001001
00000000000000000010100100101101
00000000000000000101111000111101
00000000000000000111110000111011
00000000000000000111101111001101
00000000000000000101110100010000
00000000000000000010011110001010
10000000000000001110100001010110
10000000000000001010111011101101
10000000000000001000100101011101
10000000000000001000000011011001
10000000000000001001011101110111
10000000000000001100011110101100
00000000000000000000010110101100
00000000000000000100001001001001
00000000000000000110111010101011
00000000000000000111111111110100
00000000000000000111000111101010
00000000000000000100011111111011
00000000000000000000110001101101
10000000000000001100110111010100
10000000000000001001101110000100
10000000000000001000000111001110
10000000000000001000011011111101
10000000000000001010100111001101
10000000000000001110000110111000
00000000000000000010000100001100
00000000000000000101100001001010
00000000000000000111100111101001
00000000000000000111110110110000
00000000000000000110001010110000
00000000000000000010111110000111
10000000000000001111000010111011
10000000000000001011010110101100
10000000000000001000110011010000
10000000000000001000000000100111
10000000000000001001001011001011
10000000000000001100000000101101
10000000000000001111110100101110
00000000000000000011101011100000
00000000000000000110101000101000
00000000000000000111111101110010
00000000000000000111010110001000
00000000000000000100111011011000
00000000000000000001010011011001
10000000000000001101010111000000
10000000000000001010000011111111
10000000000000001000001110000000
10000000000000001000010001111101
10000000000000001010001110110111
10000000000000001101100110001001
00000000000000000001100011000110
00000000000000000101000111110010
00000000000000000111011100001110
00000000000000000111111100000100
00000000000000000110011111100000
00000000000000000011011101001110
10000000000000001111100100110010
10000000000000001011110010111111
10000000000000001001000011000100
10000000000000001000000000000101
10000000000000001000111010011011
10000000000000001011100011110101
10000000000000001111010010110011
00000000000000000011001100110101
00000000000000000110010100101110
00000000000000000111111001100001
00000000000000000111100010100011
00000000000000000101010101011011
00000000000000000001110100101101
10000000000000001101110111011011
10000000000000001010011011100101
10000000000000001000010110111111
10000000000000001000001010001000
10000000000000001001111000001001
10000000000000001101000110000110
00000000000000000001000001100100
00000000000000000100101100111111
00000000000000000111001110101101
00000000000000000111111111001001
00000000000000000110110010011100
00000000000000000011111011010111
00000000000000000000000110101111
10000000000000001100010000011110
10000000000000001001010100110110
10000000000000001000000001110011
10000000000000001000101011101011
10000000000000001011001000001101
10000000000000001110110001000101
00000000000000000010101101010001
00000000000000000101111111000010
00000000000000000111110011000001
00000000000000000111101100110101
00000000000000000101101101111110
00000000000000000010010101100001
10000000000000001110011000011101
10000000000000001010110100101111
10000000000000001000100010001000
10000000000000001000000100100001
10000000000000001001100011001010
10000000000000001100100110111000
00000000000000000000011111101111
00000000000000000100010000110110
00000000000000000110111111001010
00000000000000000111111111111110
00000000000000000111000011011100
00000000000000000100011000011001
00000000000000000000101000101011
10000000000000001100101111000001
10000000000000001001101000100001
10000000000000001000000101110010
10000000000000001000011110111111
10000000000000001010101101111101
10000000000000001110001111101101
00000000000000000010001100111011
00000000000000000101100111101010
00000000000000000111101010010101
00000000000000000111110100111101
00000000000000000110000100111011
00000000000000000010110101101010
10000000000000001110111001111100
10000000000000001011001111010111
10000000000000001000101111010111
10000000000000001000000001001000
10000000000000001001001111111110
10000000000000001100001000100110
10000000000000001111111101110010
00000000000000000011110011100001
00000000000000000110101101101000
00000000000000000111111110100011
00000000000000000111010010011110
00000000000000000100110100001011
00000000000000000001001010011100
10000000000000001101001110011110
10000000000000001001111101111110
10000000000000001000001011111110
10000000000000001000010100011010
10000000000000001010010101001101
10000000000000001101101110110100
00000000000000000001101011111110
00000000000000000101001110101101
00000000000000000111011111011111
00000000000000000111111010110111
00000000000000000110011010001001
00000000000000000011010101000001
10000000000000001111011011101111
10000000000000001011101011010100
10000000000000001000111110101010
10000000000000001000000000000000
10000000000000001000111110101101
10000000000000001011101011011010
10000000000000001111011011110110
00000000000000000011010101000111
00000000000000000110011010001101
00000000000000000111111010111000
00000000000000000111011111011100
00000000000000000101001110100111
00000000000000000001101011110111
10000000000000001101101110101110
10000000000000001010010101001000
10000000000000001000010100011000
10000000000000001000001100000000
10000000000000001001111110000010
10000000000000001101001110100101
