INICIO:
xxxxxxxxxxxxxxxxxxxxxxxxxxxxxxxx
00000000000000000000000000000000
00000000000000000011110101011101
00000000000000000110101110110101
00000000000000000111111110101101
00000000000000000111010001100011
00000000000000000100110010011010
00000000000000000001001000010000
10000000000000001101001100011010
10000000000000001001111100100001
10000000000000001000001011100000
10000000000000001000010101000010
10000000000000001010010110110001
10000000000000001101110000111100
00000000000000000001101110001001
00000000000000000101010000011000
00000000000000000111100000010000
00000000000000000111111010100011
00000000000000000110011000110100
00000000000000000011010011000000
10000000000000001111011001100001
10000000000000001011101001011110
10000000000000001000111101100110
10000000000000001000000000000000
10000000000000001000111111110001
10000000000000001011101101010010
10000000000000001111011110000011
00000000000000000011010111001000
00000000000000000110011011100010
00000000000000000111111011001100
00000000000000000111011110101010
00000000000000000101001100111100
00000000000000000001101001101101
10000000000000001101101100100110
10000000000000001010010011100100
10000000000000001000010011110001
10000000000000001000001100011111
10000000000000001001111111100000
10000000000000001101010000101010
00000000000000000001001100101111
00000000000000000100110110000010
00000000000000000111010011011011
00000000000000000111111110011000
00000000000000000110101100010111
00000000000000000011110001011110
10000000000000001111111011011110
10000000000000001100000110100100
10000000000000001001001110101111
10000000000000001000000000111111
10000000000000001000110000010110
10000000000000001011010001001110
10000000000000001110111100001111
00000000000000000010110111110101
00000000000000000110000110011011
00000000000000000111110101011011
00000000000000000111101001101010
00000000000000000101100110000000
00000000000000000010001010101101
10000000000000001110001101011100
10000000000000001010101100001110
10000000000000001000011110001100
10000000000000001000000110001000
10000000000000001001101001111011
10000000000000001100110001001000
00000000000000000000101010111111
00000000000000000100011010010101
00000000000000000111000100100010
00000000000000000111111111111101
00000000000000000110111110000001
00000000000000000100001110111000
00000000000000000000011101011011
10000000000000001100100100110001
10000000000000001001100001110010
10000000000000001000000100001101
10000000000000001000100010111110
10000000000000001010110110100001
10000000000000001110011010101111
00000000000000000010010111101111
00000000000000000101101111100110
00000000000000000111101101011101
00000000000000000111110010100000
00000000000000000101111101011111
00000000000000000010101011000101
10000000000000001110101110110010
10000000000000001011000110011000
10000000000000001000101010101111
10000000000000001000000010000000
10000000000000001001010110001000
10000000000000001100010010100010
00000000000000000000001001000100
00000000000000000011111101011000
00000000000000000110110011101010
00000000000000000111111111010001
00000000000000000111001101101101
00000000000000000100101011000110
00000000000000000000111111010001
10000000000000001101000011111100
10000000000000001001110110101010
10000000000000001000001001101011
10000000000000001000010111101011
10000000000000001010011101010000
10000000000000001101111001101011
00000000000000000001110110111110
00000000000000000101010111001010
00000000000000000111100011010100
00000000000000000111111001001001
00000000000000000110010011010011
00000000000000000011001010101101
10000000000000001111010000011111
10000000000000001011100001111010
10000000000000001000111001010111
10000000000000001000000000001000
10000000000000001001000100001110
10000000000000001011110100111110
10000000000000001111100111000110
00000000000000000011011111010100
00000000000000000110100000110111
00000000000000000111111100010110
00000000000000000111011011010111
00000000000000000101000110000000
00000000000000000001100000110100
10000000000000001101100011111100
10000000000000001010001101010000
10000000000000001000010001010110
10000000000000001000001110100011
10000000000000001010000101100011
10000000000000001101011001001100
00000000000000000001010101101011
00000000000000000100111101001100
00000000000000000111010111000011
00000000000000000111111101100100
00000000000000000110100111010101
00000000000000000011101001011100
10000000000000001111110010011010
10000000000000001011111110101100
10000000000000001001001001111110
10000000000000001000000000100000
10000000000000001000110100010001
10000000000000001011011000100101
10000000000000001111000101001111
00000000000000000011000000010001
00000000000000000110001100001110
00000000000000000111110111001011
00000000000000000111100110111100
00000000000000000101011111011110
00000000000000000010000001111101
10000000000000001110000100101000
10000000000000001010100101100000
10000000000000001000011011001101
10000000000000001000000111100111
10000000000000001001101111100000
10000000000000001100111001011101
00000000000000000000110100000001
00000000000000000100100001110110
00000000000000000111001000101101
00000000000000000111111111110000
00000000000000000110111001100000
00000000000000000100000111001010
00000000000000000000010100011000
10000000000000001100011100100111
10000000000000001001011100100001
10000000000000001000000011001000
10000000000000001000100110010101
10000000000000001010111101100000
10000000000000001110100011101000
00000000000000000010100000010111
00000000000000000101110101110110
00000000000000000111101111110011
00000000000000000111110000010111
00000000000000000101110111011001
00000000000000000010100010100001
10000000000000001110100101110110
10000000000000001010111111010000
10000000000000001000100111001100
10000000000000001000000010111001
10000000000000001001011011001111
10000000000000001100011010100110
00000000000000000000010010000111
00000000000000000100000101001101
00000000000000000110111000010110
00000000000000000111111111101011
00000000000000000111001001101110
00000000000000000100100011101101
00000000000000000000110110010000
10000000000000001100111011100011
10000000000000001001110000111010
10000000000000001000001000000000
10000000000000001000011010011111
10000000000000001010100011110101
10000000000000001110000010011100
00000000000000000001111111110001
00000000000000000101011101110101
00000000000000000111100110001111
00000000000000000111110111100110
00000000000000000110001101101010
00000000000000000011000010010110
10000000000000001111000111011110
10000000000000001011011010011011
10000000000000001000110101010001
10000000000000001000000000011010
10000000000000001001001000110100
10000000000000001011111100101111
10000000000000001111110000001010
00000000000000000011100111011011
00000000000000000110100110000011
00000000000000000111111101010110
00000000000000000111010111111011
00000000000000000100111110111110
00000000000000000001010111111010
10000000000000001101011011010101
10000000000000001010000111000100
10000000000000001000001111000101
10000000000000001000010000110001
10000000000000001010001011101101
10000000000000001101100001110010
00000000000000000001011110100110
00000000000000000101000100010000
00000000000000000111011010100001
00000000000000000111111100100111
00000000000000000110100010001011
00000000000000000011100001010110
10000000000000001111101001010110
10000000000000001011110110111001
10000000000000001001000101010110
10000000000000001000000000001100
10000000000000001000111000010101
10000000000000001011100000000010
10000000000000001111001110010000
00000000000000000011001000101000
00000000000000000110010001111010
00000000000000000111111000110001
00000000000000000111100100000100
00000000000000000101011000110101
00000000000000000001111001001010
10000000000000001101111011110110
10000000000000001010011110111000
10000000000000001000011000010111
10000000000000001000001001001111
10000000000000001001110101001110
10000000000000001101000001110110
00000000000000000000111101000001
00000000000000000100101001010001
00000000000000000111001100101111
00000000000000000111111111011001
00000000000000000110110100110110
00000000000000000011111111010101
00000000000000000000001011010100
10000000000000001100010100100010
10000000000000001001010111011001
10000000000000001000000010001101
10000000000000001000101001110110
10000000000000001011000100100110
10000000000000001110101100100100
00000000000000000010101000111101
00000000000000000101111011111111
00000000000000000111110001111111
00000000000000000111101110000011
00000000000000000101110001001010
00000000000000000010011001111001
10000000000000001110011100111100
10000000000000001010111000001111
10000000000000001000100011110010
10000000000000001000000011111011
10000000000000001001100000011101
10000000000000001100100010101111
00000000000000000000011011001011
00000000000000000100001100111110
00000000000000000110111100111010
00000000000000000111111111111010
00000000000000000111000101100101
00000000000000000100011100001101
00000000000000000000101101001111
10000000000000001100110011001101
10000000000000001001101011010011
10000000000000001000000110011111
10000000000000001000011101011100
10000000000000001010101010100010
10000000000000001110001011001111
00000000000000000010001000100001
00000000000000000101100100011001
00000000000000000111101000111111
00000000000000000111110101111000
00000000000000000110000111111000
00000000000000000010111001111100
10000000000000001110111110011110
10000000000000001011010011000011
10000000000000001000110001010100
10000000000000001000000000110110
10000000000000001001001101100010
10000000000000001100000100100110
10000000000000001111111001001101
00000000000000000011101111011111
00000000000000000110101011001000
00000000000000000111111110001100
00000000000000000111010100010110
00000000000000000100110111110101
00000000000000000001001110111110
10000000000000001101010010110001
10000000000000001010000000111111
10000000000000001000001100111111
10000000000000001000010011001001
10000000000000001010010001111111
10000000000000001101101010011100
00000000000000000001100111100000
00000000000000000101001011001110
00000000000000000111011101110111
00000000000000000111111011011111
00000000000000000110011100111000
00000000000000000011011001001011
10000000000000001111100000010011
10000000000000001011101111001100
10000000000000001001000000110111
10000000000000001000000000000001
10000000000000001000111100100010
10000000000000001011100111100100
10000000000000001111010111010001
00000000000000000011010000111100
00000000000000000110010111011101
00000000000000000111111010001101
00000000000000000111100001000010
00000000000000000101010010000100
00000000000000000001110000010110
10000000000000001101110011000111
10000000000000001010011000011000
10000000000000001000010101101011
10000000000000001000001011000010
10000000000000001001111011000011
10000000000000001101001010010010
00000000000000000001000110000001
00000000000000000100110000100110
00000000000000000111010000100111
00000000000000000111111110110111
00000000000000000110110000000011
00000000000000000011110111011100
00000000000000000000000010010000
10000000000000001100001100100001
10000000000000001001010010011001
10000000000000001000000001011101
10000000000000001000101101100000
10000000000000001011001011110010
10000000000000001110110101100001
00000000000000000010110001011111
00000000000000000110000010000000
00000000000000000111110100000000
00000000000000000111101011100110
00000000000000000101101010110101
00000000000000000010010001001110
10000000000000001110010100000100
10000000000000001010110001010101
10000000000000001000100000100010
10000000000000001000000101001000
10000000000000001001100101110100
10000000000000001100101010111100
00000000000000000000100100001110
00000000000000000100010100101001
00000000000000000111000001010100
00000000000000000111111111111111
00000000000000000111000001010100
00000000000000000100010100101000
00000000000000000000100100001101
10000000000000001100101010111011
10000000000000001001100101110100
10000000000000001000000101001000
10000000000000001000100000100010
10000000000000001010110001010110
10000000000000001110010100000101
00000000000000000010010001001111
00000000000000000101101010110110
00000000000000000111101011100110
00000000000000000111110100000000
00000000000000000110000001111111
00000000000000000010110001011110
10000000000000001110110101100000
10000000000000001011001011110001
10000000000000001000101101100000
10000000000000001000000001011101
10000000000000001001010010011010
10000000000000001100001100100010
00000000000000000000000010010001
00000000000000000011110111011101
00000000000000000110110000000011
00000000000000000111111110110111
00000000000000000111010000100111
00000000000000000100110000100101
00000000000000000001000110000000
10000000000000001101001010010001
10000000000000001001111011000010
10000000000000001000001011000010
10000000000000001000010101101100
10000000000000001010011000011000
10000000000000001101110011001000
00000000000000000001110000010111
00000000000000000101010010000101
00000000000000000111100001000010
00000000000000000111111010001101
00000000000000000110010111011100
00000000000000000011010000111011
10000000000000001111010111010000
10000000000000001011100111100100
10000000000000001000111100100001
10000000000000001000000000000001
10000000000000001001000000111000
10000000000000001011101111001101
10000000000000001111100000010100
00000000000000000011011001001011
00000000000000000110011100111000
00000000000000000111111011011111
00000000000000000111011101110110
00000000000000000101001011001101
00000000000000000001100111011111
10000000000000001101101010011011
10000000000000001010010001111110
10000000000000001000010011001001
10000000000000001000001100111111
10000000000000001010000001000000
10000000000000001101010010110010
00000000000000000001001110111110
00000000000000000100110111110101
00000000000000000111010100010110
00000000000000000111111110001100
00000000000000000110101011000111
00000000000000000011101111011110
10000000000000001111111001001100
10000000000000001100000100100101
10000000000000001001001101100010
10000000000000001000000000110110
10000000000000001000110001010100
10000000000000001011010011000100
10000000000000001110111110011111
00000000000000000010111001111101
00000000000000000110000111111001
00000000000000000111110101111000
00000000000000000111101000111111
00000000000000000101100100011000
00000000000000000010001000100000
10000000000000001110001011001110
10000000000000001010101010100001
10000000000000001000011101011011
10000000000000001000000110011111
10000000000000001001101011010100
10000000000000001100110011001110
00000000000000000000101101010000
00000000000000000100011100001110
00000000000000000111000101100110
00000000000000000111111111111010
00000000000000000110111100111001
00000000000000000100001100111101
00000000000000000000011011001010
10000000000000001100100010101110
10000000000000001001100000011101
10000000000000001000000011111011
10000000000000001000100011110011
10000000000000001010111000010000
10000000000000001110011100111101
00000000000000000010011001111010
00000000000000000101110001001011
00000000000000000111101110000100
00000000000000000111110001111110
00000000000000000101111011111110
00000000000000000010101000111100
10000000000000001110101100100011
10000000000000001011000100100101
10000000000000001000101001110110
10000000000000001000000010001101
10000000000000001001010111011001
10000000000000001100010100100011
00000000000000000000001011010101
00000000000000000011111111010110
00000000000000000110110100110110
00000000000000000111111111011001
00000000000000000111001100101110
00000000000000000100101001010000
00000000000000000000111101000000
10000000000000001101000001110101
10000000000000001001110101001101
10000000000000001000001001001111
10000000000000001000011000010111
10000000000000001010011110111001
10000000000000001101111011110111
00000000000000000001111001001011
00000000000000000101011000110101
00000000000000000111100100000100
00000000000000000111111000110001
00000000000000000110010001111001
00000000000000000011001000100111
10000000000000001111001110001111
10000000000000001011100000000001
10000000000000001000111000010100
10000000000000001000000000001100
10000000000000001001000101010111
10000000000000001011110110111010
10000000000000001111101001010111
00000000000000000011100001010111
00000000000000000110100010001011
00000000000000000111111100100111
00000000000000000111011010100001
00000000000000000101000100010000
00000000000000000001011110100101
10000000000000001101100001110001
10000000000000001010001011101100
10000000000000001000010000110001
10000000000000001000001111000110
10000000000000001010000111000101
10000000000000001101011011010110
00000000000000000001010111111011
00000000000000000100111110111110
00000000000000000111010111111100
00000000000000000111111101010110
00000000000000000110100110000011
00000000000000000011100111011011
10000000000000001111110000001001
10000000000000001011111100101111
10000000000000001001001000110011
10000000000000001000000000011010
10000000000000001000110101010001
10000000000000001011011010011100
10000000000000001111000111011111
00000000000000000011000010010111
00000000000000000110001101101010
00000000000000000111110111100110
00000000000000000111100110001110
00000000000000000101011101110100
00000000000000000001111111110000
10000000000000001110000010011011
10000000000000001010100011110101
10000000000000001000011010011110
10000000000000001000001000000000
10000000000000001001110000111011
10000000000000001100111011100011
00000000000000000000110110010001
00000000000000000100100011101101
00000000000000000111001001101110
00000000000000000111111111101011
00000000000000000110111000010110
00000000000000000100000101001101
00000000000000000000010010000110
10000000000000001100011010100101
10000000000000001001011011001110
10000000000000001000000010111001
10000000000000001000100111001100
10000000000000001010111111010001
10000000000000001110100101110111
00000000000000000010100010100001
00000000000000000101110111011001
00000000000000000111110000010111
00000000000000000111101111110011
00000000000000000101110101110101
00000000000000000010100000010110
10000000000000001110100011100111
10000000000000001010111101011111
10000000000000001000100110010101
10000000000000001000000011001000
10000000000000001001011100100010
10000000000000001100011100101000
00000000000000000000010100011001
00000000000000000100000111001010
00000000000000000110111001100000
00000000000000000111111111110000
00000000000000000111001000101100
00000000000000000100100001110101
00000000000000000000110100000000
10000000000000001100111001011100
10000000000000001001101111100000
10000000000000001000000111100111
10000000000000001000011011001101
10000000000000001010100101100000
10000000000000001110000100101001
00000000000000000010000001111110
00000000000000000101011111011111
00000000000000000111100110111100
00000000000000000111110111001011
00000000000000000110001100001110
00000000000000000011000000010000
10000000000000001111000101001110
10000000000000001011011000100100
10000000000000001000110100010000
10000000000000001000000000100000
10000000000000001001001001111111
10000000000000001011111110101101
10000000000000001111110010011011
00000000000000000011101001011101
00000000000000000110100111010110
00000000000000000111111101100100
00000000000000000111010111000011
00000000000000000100111101001100
00000000000000000001010101101010
10000000000000001101011001001011
10000000000000001010000101100010
10000000000000001000001110100011
10000000000000001000010001010111
10000000000000001010001101010001
10000000000000001101100011111101
00000000000000000001100000110101
00000000000000000101000110000001
00000000000000000111011011011000
00000000000000000111111100010110
00000000000000000110100000110110
00000000000000000011011111010011
10000000000000001111100111000101
10000000000000001011110100111101
10000000000000001001000100001110
10000000000000001000000000001000
10000000000000001000111001010111
10000000000000001011100001111010
10000000000000001111010000100000
00000000000000000011001010101110
00000000000000000110010011010100
00000000000000000111111001001001
00000000000000000111100011010100
00000000000000000101010111001001
00000000000000000001110110111101
10000000000000001101111001101010
10000000000000001010011101001111
10000000000000001000010111101011
10000000000000001000001001101011
10000000000000001001110110101010
10000000000000001101000011111101
00000000000000000000111111010010
00000000000000000100101011000111
00000000000000000111001101101110
00000000000000000111111111010001
00000000000000000110110011101001
00000000000000000011111101010111
00000000000000000000001001000011
10000000000000001100010010100001
10000000000000001001010110001000
10000000000000001000000010000000
10000000000000001000101010110000
10000000000000001011000110011000
10000000000000001110101110110011
00000000000000000010101011000110
00000000000000000101111101100000
00000000000000000111110010100000
00000000000000000111101101011101
00000000000000000101101111100101
00000000000000000010010111101110
10000000000000001110011010101110
10000000000000001010110110100000
10000000000000001000100010111101
10000000000000001000000100001110
10000000000000001001100001110011
10000000000000001100100100110010
00000000000000000000011101011100
00000000000000000100001110111001
00000000000000000110111110000010
00000000000000000111111111111101
00000000000000000111000100100010
00000000000000000100011010010100
00000000000000000000101010111110
10000000000000001100110001001000
